   0.00000
   3.00000
   6.39734
  10.17618
  14.30546
  18.74017
  23.42311
  28.28719
  33.25809
  38.25724
  43.20493
  48.02353
  52.64052
  56.99145
  61.02245
  64.69243
  67.97467
  70.85792
  73.34684
  75.46180
  77.23808
  78.72448
  79.98132
  81.07812
  82.09074
  83.09841
  84.18056
  85.41365
  86.86812
  88.60559
  90.67638
  93.11755
  95.95137
  99.18447
 102.80756
 106.79578
 111.10976
 115.69709
 120.49451
 125.43035
 130.42743
 135.40615
 140.28761
 144.99681
 149.46560
 153.63544
 157.45967
 160.90545
 163.95500
 166.60635
 168.87339
 170.78535
 172.38560
 173.72995
 174.88440
 175.92253
 176.92254
 177.96419
 179.12553
 180.47988
 182.09282
 184.01968
 186.30322
 188.97201
 192.03926
 195.50228
 199.34261
 203.52676
 208.00751
 212.72583
 217.61323
 222.59444
 227.59049
 232.52181
 237.31139
 241.88790
 246.18847
 250.16127
 253.76751
 256.98301
 259.79920
 262.22339
 264.27855
 266.00234
 267.44563
 268.67050
 269.74770
 270.75390
 271.76858
 272.87089
 274.13649
 275.63452
 277.42485
 279.55572
 282.06177
 284.96270
 288.26245
 291.94908
 295.99522
 300.35914
 304.98649
   3.00000
   3.39734
   3.77884
   4.12928
   4.43471
   4.68294
   4.86408
   4.97090
   4.99915
   4.94770
   4.81859
   4.61699
   4.35093
   4.03100
   3.66998
   3.28224
   2.88325
   2.48892
   2.11496
   1.77628
   1.48640
   1.25685
   1.09680
   1.01262
   1.00767
   1.08215
   1.23309
   1.45447
   1.73747
   2.07080
   2.44117
   2.83382
   3.23310
   3.62308
   3.98823
   4.31397
   4.58734
   4.79742
   4.93584
   4.99709
   4.97872
   4.88146
   4.70920
   4.46879
   4.16983
   3.82424
   3.44578
   3.04955
   2.65135
   2.26704
   1.91196
   1.60025
   1.34435
   1.15445
   1.03813
   1.00002
   1.04164
   1.16134
   1.35434
   1.61295
   1.92685
   2.28354
   2.66879
   3.06725
   3.46302
   3.84033
   4.18415
   4.48075
   4.71832
   4.88739
   4.98121
   4.99605
   4.93132
   4.78958
   4.57650
   4.30058
   3.97280
   3.60624
   3.21551
   2.81619
   2.42419
   2.05516
   1.72379
   1.44330
   1.22487
   1.07721
   1.00620
   1.01468
   1.10231
   1.26560
   1.49803
   1.79033
   2.13087
   2.50605
   2.90093
   3.29975
   3.68663
   4.04613
   4.36393
   4.62735
   4.82589
  -1.63308
   4.44047
   7.41664
  10.73468
  14.75926
  18.29439
  23.93288
  27.42713
  33.96062
  37.88466
  41.48974
  48.13760
  51.88411
  58.05072
  59.97156
  63.50632
  68.26142
  70.62131
  73.58804
  73.99726
  75.36999
  80.82079
  80.78340
  80.94586
  82.51544
  85.81467
  84.62731
  85.35286
  84.49365
  88.83289
  92.06123
  92.09837
  95.84946
  98.94607
 104.49073
 106.93915
 112.50237
 115.86535
 121.50329
 126.17065
 131.64445
 136.51103
 140.86201
 144.63610
 150.32901
 153.75674
 156.42500
 159.80810
 164.93976
 165.76337
 169.26187
 172.00694
 172.16823
 174.28303
 175.52716
 176.30534
 176.43043
 177.54691
 179.32826
 181.96558
 182.07268
 184.03281
 187.63679
 190.48426
 191.48146
 195.10633
 198.40676
 204.62589
 208.80513
 212.41054
 216.80489
 223.20040
 226.57876
 232.34433
 236.15430
 239.39893
 244.21504
 249.75878
 252.75115
 257.35875
 260.44299
 262.88286
 263.39398
 266.07811
 268.41133
 267.00246
 270.21669
 270.42911
 273.56955
 273.79182
 272.88453
 275.10184
 278.21965
 278.86980
 282.36543
 285.71146
 288.18965
 293.06234
 296.92509
 299.94454
 303.45848
