   0.00000
   3.00000
   6.00000
   9.00000
  12.00000
  15.00000
  18.00000
  21.00000
  24.00000
  27.00000
  30.00000
  33.00000
  36.00000
  39.00000
  42.00000
  45.00000
  48.00000
  51.00000
  54.00000
  57.00000
  60.00000
  63.00000
  66.00000
  69.00000
  72.00000
  75.00000
  78.00000
  81.00000
  84.00000
  87.00000
  90.00000
  93.00000
  96.00000
  99.00000
 102.00000
 105.00000
 108.00000
 111.00000
 114.00000
 117.00000
 120.00000
 123.00000
 126.00000
 129.00000
 132.00000
 135.00000
 138.00000
 141.00000
 144.00000
 147.00000
 150.00000
 153.00000
 156.00000
 159.00000
 162.00000
 165.00000
 168.00000
 171.00000
 174.00000
 177.00000
 180.00000
 183.00000
 186.00000
 189.00000
 192.00000
 195.00000
 198.00000
 201.00000
 204.00000
 207.00000
 210.00000
 213.00000
 216.00000
 219.00000
 222.00000
 225.00000
 228.00000
 231.00000
 234.00000
 237.00000
 240.00000
 243.00000
 246.00000
 249.00000
 252.00000
 255.00000
 258.00000
 261.00000
 264.00000
 267.00000
 270.00000
 273.00000
 276.00000
 279.00000
 282.00000
 285.00000
 288.00000
 291.00000
 294.00000
 297.00000
 300.00000
   3.00000
   3.00000
   3.00000
   3.00000
   3.00000
   3.00000
   3.00000
   3.00000
   3.00000
   3.00000
   3.00000
   3.00000
   3.00000
   3.00000
   3.00000
   3.00000
   3.00000
   3.00000
   3.00000
   3.00000
   3.00000
   3.00000
   3.00000
   3.00000
   3.00000
   3.00000
   3.00000
   3.00000
   3.00000
   3.00000
   3.00000
   3.00000
   3.00000
   3.00000
   3.00000
   3.00000
   3.00000
   3.00000
   3.00000
   3.00000
   3.00000
   3.00000
   3.00000
   3.00000
   3.00000
   3.00000
   3.00000
   3.00000
   3.00000
   3.00000
   3.00000
   3.00000
   3.00000
   3.00000
   3.00000
   3.00000
   3.00000
   3.00000
   3.00000
   3.00000
   3.00000
   3.00000
   3.00000
   3.00000
   3.00000
   3.00000
   3.00000
   3.00000
   3.00000
   3.00000
   3.00000
   3.00000
   3.00000
   3.00000
   3.00000
   3.00000
   3.00000
   3.00000
   3.00000
   3.00000
   3.00000
   3.00000
   3.00000
   3.00000
   3.00000
   3.00000
   3.00000
   3.00000
   3.00000
   3.00000
   3.00000
   3.00000
   3.00000
   3.00000
   3.00000
   3.00000
   3.00000
   3.00000
   3.00000
   3.00000
   3.00000
   1.21161
   3.06882
   7.35976
   9.12206
  12.58080
  14.93357
  17.81812
  20.34503
  22.54686
  27.58311
  31.88460
  33.59725
  35.11349
  39.65443
  43.71554
  44.94710
  47.60512
  50.25482
  53.72153
  55.79694
  58.98258
  63.41417
  66.68922
  68.12480
  71.60097
  74.08277
  78.92960
  81.90747
  82.59140
  87.22746
  90.19419
  94.84607
  94.83145
  99.78179
 101.04592
 104.76770
 108.07758
 111.90875
 115.56273
 114.55169
 119.94491
 121.38649
 125.25179
 129.45359
 131.81124
 135.62894
 136.84868
 139.90450
 141.74938
 145.86207
 149.59214
 152.67986
 157.55252
 158.82558
 161.40183
 164.14662
 169.57034
 169.63495
 172.22496
 175.16792
 180.15273
 181.96860
 186.95361
 189.22189
 192.12999
 195.64908
 197.08254
 202.17414
 204.15902
 207.07887
 210.49422
 213.17681
 217.34219
 218.88864
 222.20758
 224.39745
 227.89648
 231.62008
 235.41645
 236.30840
 239.65977
 241.59468
 244.38785
 249.57401
 253.40831
 255.90785
 258.73464
 261.56083
 265.00380
 268.05339
 269.83572
 273.23207
 275.76315
 279.31169
 282.43493
 284.62374
 287.56867
 291.91637
 294.43940
 297.83957
 300.51054
