   0.00000
   4.00000
   8.59601
  13.76426
  19.45819
  25.61026
  32.13467
  38.93079
  45.88714
  52.88586
  59.80740
  66.53529
  72.96078
  78.98717
  84.53368
  89.53864
  93.96200
  97.78688
 101.02026
 103.69269
 105.85712
 107.58671
 108.97199
 110.11718
 111.13611
 112.14761
 113.27084
 114.62048
 116.30218
 118.40838
 121.01458
 124.17633
 127.92706
 132.27671
 137.21133
 142.69367
 148.66463
 155.04564
 161.74176
 168.64552
 175.64115
 182.60922
 189.43142
 195.99521
 202.19840
 207.95316
 213.18951
 217.85818
 221.93251
 225.40953
 228.31009
 230.67803
 232.57840
 234.09492
 235.32660
 236.38379
 237.38382
 238.44628
 239.68830
 241.21981
 243.13924
 245.52952
 248.45483
 251.95802
 256.05889
 260.75342
 266.01392
 271.79014
 278.01127
 284.58875
 291.41984
 298.39166
 305.38574
 312.28271
 318.96709
 325.33184
 331.28271
 336.74190
 341.65126
 345.97452
 349.69880
 352.83509
 355.41782
 357.50350
 359.16845
 360.50575
 361.62155
 362.63085
 363.65287
 364.80634
 366.20473
 367.95177
 370.13727
 372.83358
 376.09266
 379.94405
 384.39368
 389.42363
 394.99282
 401.03871
 407.47974
   4.00000
   4.59601
   5.16826
   5.69393
   6.15207
   6.52441
   6.79612
   6.95635
   6.99872
   6.92154
   6.72789
   6.42549
   6.02639
   5.54650
   5.00496
   4.42336
   3.82488
   3.23338
   2.67244
   2.16443
   1.72959
   1.38527
   1.14519
   1.01893
   1.01151
   1.12323
   1.34964
   1.68171
   2.10620
   2.60619
   3.16175
   3.75073
   4.34965
   4.93462
   5.48234
   5.97096
   6.38100
   6.69612
   6.90376
   6.99563
   6.96807
   6.82219
   6.56380
   6.20319
   5.75475
   5.23636
   4.66867
   4.07433
   3.47702
   2.90056
   2.36794
   1.90038
   1.51652
   1.23167
   1.05719
   1.00003
   1.06247
   1.24201
   1.53151
   1.91942
   2.39028
   2.92531
   3.50319
   4.10087
   4.69453
   5.26050
   5.77622
   6.22113
   6.57749
   6.83109
   6.97182
   6.99408
   6.89697
   6.68437
   6.36476
   5.95086
   5.45920
   4.90936
   4.32326
   3.72428
   3.13629
   2.58273
   2.08568
   1.66494
   1.33730
   1.11581
   1.00930
   1.02202
   1.15347
   1.39839
   1.74704
   2.18550
   2.69630
   3.25908
   3.85139
   4.44963
   5.02994
   5.56920
   6.04589
   6.44102
   6.73884
  -0.73260
   2.31444
   8.70963
  12.33641
  18.98206
  25.45203
  31.64302
  39.38094
  45.49807
  52.45283
  59.76408
  66.78918
  73.93812
  78.79740
  82.84242
  88.75904
  94.32567
  96.10047
 102.44511
 102.30404
 106.18937
 108.45663
 108.62298
 108.81792
 111.03990
 111.74889
 111.80291
 114.32891
 115.43497
 118.91123
 119.70551
 123.65946
 130.20817
 133.85004
 134.63535
 142.89333
 151.77013
 154.53152
 160.36003
 168.46964
 175.36352
 182.56030
 189.77854
 196.57814
 201.89391
 208.38232
 212.18809
 216.66470
 221.77503
 224.54616
 228.60329
 230.36008
 235.35619
 233.71383
 234.93569
 235.51110
 235.84633
 237.68999
 240.01405
 241.41940
 242.28569
 246.40327
 248.06680
 251.91822
 255.92572
 260.93543
 265.61060
 270.61795
 277.39318
 285.22752
 290.37285
 299.06010
 304.14652
 313.71566
 320.17749
 326.64964
 330.80267
 336.40671
 340.61616
 345.54189
 348.95513
 353.38085
 355.64385
 357.21353
 357.81686
 359.68966
 360.97300
 360.75247
 363.41994
 364.69925
 366.40075
 366.00196
 369.33991
 373.85087
 374.78208
 379.87302
 384.65632
 388.23828
 393.19843
 403.49998
 407.08836
