   0.00000
   1.00000
   2.39734
   4.17618
   6.30546
   8.74017
  11.42311
  14.28719
  17.25809
  20.25724
  23.20493
  26.02353
  28.64052
  30.99145
  33.02245
  34.69243
  35.97467
  36.85792
  37.34684
  37.46180
  37.23808
  36.72448
  35.98132
  35.07812
  34.09074
  33.09841
  32.18056
  31.41365
  30.86812
  30.60559
  30.67638
  31.11755
  31.95137
  33.18447
  34.80756
  36.79578
  39.10976
  41.69709
  44.49451
  47.43035
  50.42743
  53.40615
  56.28761
  58.99681
  61.46560
  63.63544
  65.45967
  66.90545
  67.95500
  68.60635
  68.87339
  68.78535
  68.38560
  67.72995
  66.88440
  65.92253
  64.92254
  63.96419
  63.12553
  62.47988
  62.09282
  62.01968
  62.30322
  62.97201
  64.03926
  65.50228
  67.34261
  69.52676
  72.00751
  74.72583
  77.61323
  80.59444
  83.59049
  86.52181
  89.31139
  91.88790
  94.18847
  96.16127
  97.76751
  98.98301
  99.79920
 100.22339
 100.27855
 100.00234
  99.44563
  98.67050
  97.74770
  96.75390
  95.76858
  94.87089
  94.13649
  93.63452
  93.42485
  93.55572
  94.06177
  94.96270
  96.26245
  97.94908
  99.99522
 102.35914
 104.98649
   1.00000
   1.39734
   1.77884
   2.12928
   2.43471
   2.68294
   2.86408
   2.97090
   2.99915
   2.94770
   2.81859
   2.61699
   2.35093
   2.03100
   1.66998
   1.28224
   0.88325
   0.48892
   0.11496
  -0.22372
  -0.51360
  -0.74315
  -0.90320
  -0.98738
  -0.99233
  -0.91785
  -0.76691
  -0.54553
  -0.26253
   0.07080
   0.44117
   0.83382
   1.23310
   1.62308
   1.98823
   2.31397
   2.58734
   2.79742
   2.93584
   2.99709
   2.97872
   2.88146
   2.70920
   2.46879
   2.16983
   1.82424
   1.44578
   1.04955
   0.65135
   0.26704
  -0.08804
  -0.39975
  -0.65565
  -0.84555
  -0.96187
  -0.99998
  -0.95836
  -0.83866
  -0.64566
  -0.38705
  -0.07315
   0.28354
   0.66879
   1.06725
   1.46302
   1.84033
   2.18415
   2.48075
   2.71832
   2.88739
   2.98121
   2.99605
   2.93132
   2.78958
   2.57650
   2.30058
   1.97280
   1.60624
   1.21551
   0.81619
   0.42419
   0.05516
  -0.27621
  -0.55670
  -0.77513
  -0.92279
  -0.99380
  -0.98532
  -0.89769
  -0.73440
  -0.50197
  -0.20967
   0.13087
   0.50605
   0.90093
   1.29975
   1.68663
   2.04613
   2.36393
   2.62735
   2.82589
  -1.28396
   2.37127
   3.47039
   3.33941
   7.23329
   8.94881
  12.11113
  12.58226
  17.49497
  19.67561
  23.21010
  26.55324
  29.20943
  32.18785
  34.31935
  36.14260
  36.11560
  35.64370
  38.65236
  37.60661
  35.39960
  36.50738
  34.88923
  33.50386
  34.40053
  34.37198
  32.18039
  31.23441
  31.22527
  29.54915
  29.92167
  32.31491
  32.29926
  31.51724
  34.72661
  37.91905
  36.82679
  40.88471
  44.51591
  46.34954
  50.51526
  52.63792
  56.95539
  58.01222
  61.30596
  62.81062
  66.29402
  65.36351
  68.78751
  69.63645
  68.19040
  68.25374
  70.88505
  67.60754
  67.68718
  66.56690
  61.75272
  66.24736
  63.46075
  62.26186
  62.37285
  62.35841
  61.73811
  62.07243
  64.13201
  66.90174
  67.00173
  70.56067
  71.24094
  75.45268
  77.69718
  79.43180
  82.18365
  85.51793
  90.22476
  90.98234
  93.31823
  97.25286
  97.47960
 100.31790
  98.90147
  98.73603
  99.14762
 100.13592
  98.48716
  99.36213
  97.52317
  97.41731
  95.54653
  93.45979
  92.29206
  92.43160
  95.84162
  93.87494
  94.01656
  95.48351
  96.88977
  99.91810
  99.77863
 103.30472
 103.95050
