   0.00000
   0.00000
   0.19967
   0.59701
   1.18805
   1.96688
   2.92573
   4.05502
   5.34345
   6.77817
   8.34482
  10.02776
  11.81018
  13.67425
  15.60137
  17.57227
  19.56726
  21.56641
  23.54974
  25.49743
  27.39003
  29.20863
  30.93505
  32.55204
  34.04345
  35.39438
  36.59132
  37.62232
  38.47708
  39.14706
  39.62556
  39.90780
  39.99096
  39.87421
  39.55872
  39.04764
  38.34607
  37.46103
  36.40136
  35.17764
  33.80211
  32.28850
  30.65195
  28.90880
  27.07647
  25.17326
  23.21820
  21.23082
  19.23097
  17.23864
  15.27374
  13.35589
  11.50426
   9.73735
   8.07282
   6.52729
   5.11621
   3.85367
   2.75230
   1.82310
   1.07535
   0.51651
   0.15219
  -0.01399
   0.01964
   0.25274
   0.68298
   1.30606
   2.11576
   3.10399
   4.26087
   5.57484
   7.03278
   8.62011
  10.32099
  12.11840
  13.99440
  15.93024
  17.90658
  19.90366
  21.90155
  23.88026
  25.82004
  27.70150
  29.50585
  31.21505
  32.81202
  34.28081
  35.60675
  36.77659
  37.77863
  38.60287
  39.24106
  39.68684
  39.93575
  39.98530
  39.83500
  39.48635
  38.94283
  38.20987
  37.29480
   0.00000
   0.19967
   0.39734
   0.59104
   0.77884
   0.95885
   1.12928
   1.28844
   1.43471
   1.56665
   1.68294
   1.78241
   1.86408
   1.92712
   1.97090
   1.99499
   1.99915
   1.98333
   1.94770
   1.89260
   1.81859
   1.72642
   1.61699
   1.49141
   1.35093
   1.19694
   1.03100
   0.85476
   0.66998
   0.47850
   0.28224
   0.08316
  -0.11675
  -0.31549
  -0.51108
  -0.70157
  -0.88504
  -1.05967
  -1.22372
  -1.37553
  -1.51360
  -1.63655
  -1.74315
  -1.83233
  -1.90320
  -1.95506
  -1.98738
  -1.99985
  -1.99233
  -1.96491
  -1.91785
  -1.85163
  -1.76691
  -1.66453
  -1.54553
  -1.41108
  -1.26253
  -1.10137
  -0.92920
  -0.74775
  -0.55883
  -0.36433
  -0.16618
   0.03363
   0.23310
   0.43024
   0.62308
   0.80970
   0.98823
   1.15688
   1.31397
   1.45794
   1.58734
   1.70087
   1.79742
   1.87600
   1.93584
   1.97634
   1.99709
   1.99788
   1.97872
   1.93978
   1.88146
   1.80434
   1.70920
   1.59697
   1.46879
   1.32594
   1.16983
   1.00204
   0.82424
   0.63820
   0.44578
   0.24891
   0.04955
  -0.15030
  -0.34865
  -0.54352
  -0.73296
  -0.91507
  -1.08804
  -1.23746
   0.88123
  -0.10024
  -0.60688
   0.89547
   2.76123
   3.76277
   3.32293
   6.54975
   7.32065
   8.85451
   8.72635
  11.51350
  13.47505
  14.83498
  16.81094
  18.30353
  20.29230
  24.10993
  27.29664
  26.62242
  29.22337
  30.69211
  31.64499
  35.53350
  35.56013
  35.90066
  37.15603
  39.48140
  40.44750
  37.21155
  38.94619
  39.74750
  40.40563
  37.67465
  37.85631
  36.39772
  36.66987
  35.73645
  34.94758
  35.61888
  32.08934
  31.18870
  27.74131
  25.74725
  24.66958
  23.74232
  20.68128
  18.72773
  18.32644
  16.44861
  13.51472
  11.55424
   9.03496
   7.94250
   6.00424
   5.92047
   2.57703
   3.35335
   1.42073
   0.94543
  -0.97065
   1.13758
  -1.16241
   1.62849
  -0.32473
   4.19478
   1.63522
  -0.19282
   3.67311
   3.20104
   5.35157
   8.15044
   8.06294
  10.71716
  10.51279
  16.29532
  16.91870
  17.76883
  20.52874
  21.81978
  24.48356
  26.96795
  28.60632
  28.08433
  32.78784
  32.37617
  34.96716
  36.16458
  37.31333
  38.57681
  36.41467
  38.00429
  37.81387
  39.78158
  39.70072
  40.78671
  40.19702
  39.46765
  39.91654
  38.34085
