   0.00000
   1.00000
   2.00000
   3.00000
   4.00000
   5.00000
   6.00000
   7.00000
   8.00000
   9.00000
  10.00000
  11.00000
  12.00000
  13.00000
  14.00000
  15.00000
  16.00000
  17.00000
  18.00000
  19.00000
  20.00000
  21.00000
  22.00000
  23.00000
  24.00000
  25.00000
  26.00000
  27.00000
  28.00000
  29.00000
  30.00000
  31.00000
  32.00000
  33.00000
  34.00000
  35.00000
  36.00000
  37.00000
  38.00000
  39.00000
  40.00000
  41.00000
  42.00000
  43.00000
  44.00000
  45.00000
  46.00000
  47.00000
  48.00000
  49.00000
  50.00000
  51.00000
  52.00000
  53.00000
  54.00000
  55.00000
  56.00000
  57.00000
  58.00000
  59.00000
  60.00000
  61.00000
  62.00000
  63.00000
  64.00000
  65.00000
  66.00000
  67.00000
  68.00000
  69.00000
  70.00000
  71.00000
  72.00000
  73.00000
  74.00000
  75.00000
  76.00000
  77.00000
  78.00000
  79.00000
  80.00000
  81.00000
  82.00000
  83.00000
  84.00000
  85.00000
  86.00000
  87.00000
  88.00000
  89.00000
  90.00000
  91.00000
  92.00000
  93.00000
  94.00000
  95.00000
  96.00000
  97.00000
  98.00000
  99.00000
 100.00000
   1.00000
   1.00000
   1.00000
   1.00000
   1.00000
   1.00000
   1.00000
   1.00000
   1.00000
   1.00000
   1.00000
   1.00000
   1.00000
   1.00000
   1.00000
   1.00000
   1.00000
   1.00000
   1.00000
   1.00000
   1.00000
   1.00000
   1.00000
   1.00000
   1.00000
   1.00000
   1.00000
   1.00000
   1.00000
   1.00000
   1.00000
   1.00000
   1.00000
   1.00000
   1.00000
   1.00000
   1.00000
   1.00000
   1.00000
   1.00000
   1.00000
   1.00000
   1.00000
   1.00000
   1.00000
   1.00000
   1.00000
   1.00000
   1.00000
   1.00000
   1.00000
   1.00000
   1.00000
   1.00000
   1.00000
   1.00000
   1.00000
   1.00000
   1.00000
   1.00000
   1.00000
   1.00000
   1.00000
   1.00000
   1.00000
   1.00000
   1.00000
   1.00000
   1.00000
   1.00000
   1.00000
   1.00000
   1.00000
   1.00000
   1.00000
   1.00000
   1.00000
   1.00000
   1.00000
   1.00000
   1.00000
   1.00000
   1.00000
   1.00000
   1.00000
   1.00000
   1.00000
   1.00000
   1.00000
   1.00000
   1.00000
   1.00000
   1.00000
   1.00000
   1.00000
   1.00000
   1.00000
   1.00000
   1.00000
   1.00000
   1.00000
   1.23570
   0.51257
   0.55249
   1.56468
   2.33362
   5.59075
   7.48866
   8.04929
  10.00086
   7.75677
   8.96124
   9.69939
  12.74185
  13.54426
  14.14910
  15.19963
  16.20374
  18.64630
  19.02501
  17.79968
  19.62507
  21.93321
  21.50378
  22.43532
  24.63632
  26.00285
  24.01229
  25.48001
  28.47354
  29.89968
  29.60887
  32.17524
  32.75091
  34.79815
  34.68815
  34.34559
  36.76215
  37.16410
  38.53304
  40.17316
  39.48625
  40.74390
  42.81230
  43.53559
  45.44609
  42.51483
  46.25135
  45.56728
  47.62366
  48.35158
  51.15052
  48.91304
  52.65249
  52.77409
  52.83232
  54.22195
  54.93591
  57.55977
  59.51017
  60.18893
  60.53880
  61.25742
  62.48283
  62.74722
  64.67931
  63.65901
  65.36962
  69.01243
  68.48456
  67.93742
  70.10384
  71.01424
  72.84203
  73.69758
  72.95542
  74.29091
  76.71133
  77.84637
  76.85461
  78.91057
  78.89083
  81.88645
  83.00959
  83.18911
  83.59964
  85.37311
  86.95313
  86.25387
  88.62730
  89.08346
  91.28585
  91.27012
  92.65640
  93.75587
  93.32696
  95.03425
  96.67263
  96.84532
  98.03454
  99.37718
 100.29859
