   0.00000
   0.00000
   0.29552
   0.86016
   1.64349
   2.57553
   3.57302
   4.54687
   5.41008
   6.08554
   6.51292
   6.65404
   6.49630
   6.05378
   5.36601
   4.49444
   3.51691
   2.52074
   1.59493
   0.82216
   0.27148
  -0.00794
   0.00887
   0.32042
   0.89886
   1.69252
   2.63052
   3.62907
   4.59896
   5.45356
   6.11652
   6.52864
   6.65310
   6.47877
   6.02124
   5.32136
   4.44166
   3.46073
   2.46618
   1.54685
   0.78486
   0.24829
  -0.01494
   0.01868
   0.34616
   0.93823
   1.74201
   2.68571
   3.68502
   4.65068
   5.49642
   6.14671
   6.54345
   6.65121
   6.46035
   5.98793
   5.27614
   4.38857
   3.40451
   2.41185
   1.49927
   0.74828
   0.22597
  -0.02100
   0.02942
   0.37273
   0.97827
   1.79195
   2.74107
   3.74087
   4.70202
   5.53867
   6.17610
   6.55735
   6.64837
   6.44103
   5.95386
   5.23036
   4.33518
   3.34826
   2.35778
   1.45220
   0.71242
   0.20452
  -0.02612
   0.04108
   0.40014
   1.01898
   1.84231
   2.79660
   3.79659
   4.75297
   5.58029
   6.20467
   6.57032
   6.64459
   6.42083
   5.91904
   5.18404
   4.28149
   3.29200
   0.00000
   0.29552
   0.56464
   0.78333
   0.93204
   0.99749
   0.97385
   0.86321
   0.67546
   0.42738
   0.14112
  -0.15775
  -0.44252
  -0.68777
  -0.87158
  -0.97753
  -0.99616
  -0.92581
  -0.77276
  -0.55069
  -0.27942
   0.01681
   0.31154
   0.57844
   0.79367
   0.93800
   0.99854
   0.96989
   0.85460
   0.66297
   0.41212
   0.12445
  -0.17433
  -0.45754
  -0.69987
  -0.87970
  -0.98094
  -0.99455
  -0.91933
  -0.76198
  -0.53657
  -0.26323
   0.03362
   0.32747
   0.59207
   0.80378
   0.94370
   0.99931
   0.96566
   0.84575
   0.65029
   0.39674
   0.10775
  -0.19086
  -0.47242
  -0.71179
  -0.88757
  -0.98407
  -0.99266
  -0.91258
  -0.75099
  -0.52231
  -0.24697
   0.05042
   0.34331
   0.60554
   0.81367
   0.94912
   0.99979
   0.96115
   0.83666
   0.63742
   0.38125
   0.09102
  -0.20734
  -0.48717
  -0.72349
  -0.89519
  -0.98692
  -0.99049
  -0.90558
  -0.73978
  -0.50790
  -0.23065
   0.06721
   0.35906
   0.61884
   0.82333
   0.95429
   0.99999
   0.95638
   0.82733
   0.62438
   0.36565
   0.07427
  -0.22376
  -0.50179
  -0.73500
  -0.90255
  -0.98949
  -0.98803
   0.43889
  -1.02880
   0.49345
   1.24355
   0.57521
   2.61441
   3.75185
   3.82993
   6.45338
   5.62899
   5.30437
   8.18506
   5.95582
   5.22646
   6.90007
   7.11143
   6.36009
   2.56248
   0.65365
   1.52316
   0.30603
   0.00022
   0.07711
  -0.82746
  -1.48493
   2.17158
   2.14219
   2.62452
   2.65970
   5.29624
   4.98185
   6.70142
   7.72767
   8.46831
   6.98819
   5.66700
   3.69566
   3.58720
   3.31719
   2.40786
   0.56867
   0.85045
   0.63949
   0.66517
   0.32206
   0.70518
   1.58524
   3.64348
   2.77987
   5.41700
   5.98404
   4.47762
   6.10967
   6.10600
   6.74435
   4.43266
   4.06529
   6.93186
   3.82334
   3.21584
   0.42260
   0.31603
   0.80953
   0.06460
  -2.17988
  -1.12237
   1.47091
   0.17701
   1.88741
   1.50521
   4.60470
   3.22891
   6.67231
   7.31220
   6.80796
   7.05263
   6.41223
   4.68246
   5.10244
   4.20558
   0.33036
   2.39978
   1.46264
  -0.71657
   0.96948
  -1.06045
   0.32905
  -2.00956
   1.90406
   4.13116
   3.42793
   5.02605
   6.85291
   6.66120
   5.86260
   4.82023
   7.04301
   6.33971
   4.57371
   4.70329
   5.17860
