   0.00000
   0.00000
   0.29950
   0.89551
   1.78207
   2.95032
   4.38860
   6.08253
   8.01518
  10.16725
  12.51723
  15.04164
  17.71527
  20.51138
  23.40206
  26.35841
  29.35089
  32.34961
  35.32461
  38.24615
  41.08505
  43.81294
  46.40257
  48.82806
  51.06517
  53.09156
  54.88698
  56.43348
  57.71562
  58.72059
  59.43834
  59.86170
  59.98644
  59.81132
  59.33808
  58.57146
  57.51911
  56.19154
  54.60204
  52.76646
  50.70316
  48.43276
  45.97793
  43.36320
  40.61470
  37.75989
  34.82730
  31.84623
  28.84646
  25.85797
  22.91061
  20.03384
  17.25639
  14.60603
  12.10923
   9.79093
   7.67431
   5.78051
   4.12846
   2.73465
   1.61302
   0.77477
   0.22828
  -0.02098
   0.02946
   0.37911
   1.02447
   1.95909
   3.17364
   4.65598
   6.39130
   8.36226
  10.54917
  12.93017
  15.48148
  18.17760
  20.99160
  23.89536
  26.85987
  29.85550
  32.85232
  35.82040
  38.73007
  41.55226
  44.25877
  46.82257
  49.21803
  51.42122
  53.41013
  55.16488
  56.66794
  57.90430
  58.86159
  59.53026
  59.90363
  59.97795
  59.75250
  59.22952
  58.41424
  57.31480
  55.94219
   0.00000
   0.29950
   0.59601
   0.88656
   1.16826
   1.43828
   1.69393
   1.93265
   2.15207
   2.34998
   2.52441
   2.67362
   2.79612
   2.89067
   2.95635
   2.99248
   2.99872
   2.97499
   2.92154
   2.83890
   2.72789
   2.58963
   2.42549
   2.23712
   2.02639
   1.79542
   1.54650
   1.28214
   1.00496
   0.71775
   0.42336
   0.12474
  -0.17512
  -0.47324
  -0.76662
  -1.05235
  -1.32756
  -1.58951
  -1.83557
  -2.06330
  -2.27041
  -2.45483
  -2.61473
  -2.74850
  -2.85481
  -2.93259
  -2.98107
  -2.99977
  -2.98849
  -2.94736
  -2.87677
  -2.77744
  -2.65036
  -2.49680
  -2.31829
  -2.11662
  -1.89380
  -1.65206
  -1.39381
  -1.12163
  -0.83825
  -0.54649
  -0.24927
   0.05044
   0.34965
   0.64536
   0.93462
   1.21455
   1.48234
   1.73532
   1.97096
   2.18691
   2.38100
   2.55131
   2.69612
   2.81400
   2.90376
   2.96450
   2.99563
   2.99682
   2.96807
   2.90967
   2.82219
   2.70652
   2.56380
   2.39546
   2.20319
   1.98891
   1.75475
   1.50306
   1.23636
   0.95730
   0.66867
   0.37336
   0.07433
  -0.22545
  -0.52298
  -0.81528
  -1.09944
  -1.37261
  -1.63206
  -0.53182
  -1.07054
   2.14116
  -0.13875
   1.48594
   1.74769
   3.28145
   5.07858
   9.21764
   9.26892
  10.67160
  14.24279
  17.67373
  20.08019
  22.24390
  25.92428
  28.97769
  31.62310
  34.06231
  37.62327
  40.31565
  44.04420
  48.22684
  49.60414
  51.04615
  54.54603
  53.25734
  55.59419
  58.05047
  57.97495
  59.52295
  58.44618
  60.75045
  60.12218
  60.77411
  58.99196
  57.07660
  56.35691
  53.69544
  53.97113
  51.78695
  48.83799
  48.27534
  42.47368
  40.79413
  37.15790
  33.92708
  31.62501
  27.04200
  24.52518
  23.23640
  20.87442
  17.62234
  14.39928
  12.62236
   9.79477
   8.36310
   5.57324
   4.80239
   3.82769
   2.87804
  -0.17595
   1.64068
  -0.28206
   0.18077
  -0.54796
   2.18976
   2.56009
   1.98634
   4.94348
   7.49275
   8.02105
  11.22368
  13.76527
  14.97647
  17.68190
  20.56361
  25.65801
  28.06870
  28.39819
  32.46976
  35.83156
  38.24800
  42.05273
  44.17917
  47.83416
  49.06268
  51.00916
  53.09210
  55.19420
  58.09921
  59.82330
  59.50996
  59.68840
  59.75258
  61.34315
  59.61422
  59.13412
  57.33363
  56.80751
  58.34123
