   0.00000
   0.00000
   0.00000
   0.00000
   0.00000
   0.00000
   0.00000
   0.00000
   0.00000
   0.00000
   0.00000
   0.00000
   0.00000
   0.00000
   0.00000
   0.00000
   0.00000
   0.00000
   0.00000
   0.00000
   0.00000
   0.00000
   0.00000
   0.00000
   0.00000
   0.00000
   0.00000
   0.00000
   0.00000
   0.00000
   0.00000
   0.00000
   0.00000
   0.00000
   0.00000
   0.00000
   0.00000
   0.00000
   0.00000
   0.00000
   0.00000
   0.00000
   0.00000
   0.00000
   0.00000
   0.00000
   0.00000
   0.00000
   0.00000
   0.00000
   0.00000
   0.00000
   0.00000
   0.00000
   0.00000
   0.00000
   0.00000
   0.00000
   0.00000
   0.00000
   0.00000
   0.00000
   0.00000
   0.00000
   0.00000
   0.00000
   0.00000
   0.00000
   0.00000
   0.00000
   0.00000
   0.00000
   0.00000
   0.00000
   0.00000
   0.00000
   0.00000
   0.00000
   0.00000
   0.00000
   0.00000
   0.00000
   0.00000
   0.00000
   0.00000
   0.00000
   0.00000
   0.00000
   0.00000
   0.00000
   0.00000
   0.00000
   0.00000
   0.00000
   0.00000
   0.00000
   0.00000
   0.00000
   0.00000
   0.00000
   0.00000
   0.00000
   0.00000
   0.00000
   0.00000
   0.00000
   0.00000
   0.00000
   0.00000
   0.00000
   0.00000
   0.00000
   0.00000
   0.00000
   0.00000
   0.00000
   0.00000
   0.00000
   0.00000
   0.00000
   0.00000
   0.00000
   0.00000
   0.00000
   0.00000
   0.00000
   0.00000
   0.00000
   0.00000
   0.00000
   0.00000
   0.00000
   0.00000
   0.00000
   0.00000
   0.00000
   0.00000
   0.00000
   0.00000
   0.00000
   0.00000
   0.00000
   0.00000
   0.00000
   0.00000
   0.00000
   0.00000
   0.00000
   0.00000
   0.00000
   0.00000
   0.00000
   0.00000
   0.00000
   0.00000
   0.00000
   0.00000
   0.00000
   0.00000
   0.00000
   0.00000
   0.00000
   0.00000
   0.00000
   0.00000
   0.00000
   0.00000
   0.00000
   0.00000
   0.00000
   0.00000
   0.00000
   0.00000
   0.00000
   0.00000
   0.00000
   0.00000
   0.00000
   0.00000
   0.00000
   0.00000
   0.00000
   0.00000
   0.00000
   0.00000
   0.00000
   0.00000
   0.00000
   0.00000
   0.00000
   0.00000
   0.00000
   0.00000
   0.00000
   0.00000
   0.00000
   0.00000
   0.00000
   0.00000
   0.00000
   0.00000
   0.00000
   2.15845
  -1.54682
  -1.01768
   0.15378
  -0.72569
  -1.41543
  -0.84803
  -0.26070
  -1.55173
  -1.06487
  -1.15572
  -0.11357
   1.11449
  -2.14932
  -0.22226
   0.86897
  -0.20609
   2.29924
  -0.51983
   0.92202
  -0.28718
  -0.64318
  -1.51089
  -0.49173
   0.44051
   0.85551
   1.08986
   1.73400
  -0.18340
  -0.69019
   1.17990
  -0.13457
   0.62449
   0.70538
   1.28364
   0.31149
   1.48992
   0.84814
   1.28340
   1.33468
   0.72179
   1.01943
   2.87843
  -0.33108
   0.18908
   0.03288
  -0.02628
  -0.35286
   1.14643
   0.24746
   0.21859
  -0.07446
   0.74408
  -0.17869
  -0.14790
  -0.72593
   1.69941
  -0.69187
  -0.45442
   0.22696
   0.70011
  -1.20297
  -0.21790
  -1.87089
   0.36091
  -0.09358
   0.15615
  -0.76677
   0.56313
   0.23658
  -1.54186
   0.11041
  -0.26935
  -1.31812
   0.77222
  -1.01461
   0.68881
   2.04174
  -0.01724
   0.17049
   1.07760
   0.41149
  -0.66787
   0.99851
  -0.54030
   0.57524
   0.41230
   0.12524
   0.84363
  -1.15039
   0.72904
  -0.84770
   0.53794
   0.92251
  -2.23568
  -0.80972
  -0.77753
   0.22357
   1.37133
  -1.19985
   0.97556
