   0.00000
   2.00000
   4.79468
   8.35235
  12.61092
  17.48034
  22.84623
  28.57439
  34.51618
  40.51448
  46.40987
  52.04706
  57.28104
  61.98290
  66.04490
  69.38486
  71.94934
  73.71584
  74.69367
  74.92359
  74.47616
  73.44895
  71.96265
  70.15624
  68.18148
  66.19682
  64.36112
  62.82730
  61.73624
  61.21118
  61.35277
  62.23511
  63.90275
  66.36895
  69.61511
  73.59156
  78.21951
  83.39418
  88.98901
  94.86069
 100.85487
 106.81230
 112.57522
 117.99362
 122.93121
 127.27087
 130.91935
 133.81091
 135.91001
 137.21270
 137.74679
 137.57070
 136.77120
 135.45990
 133.76880
 131.84505
 129.84509
 127.92838
 126.25106
 124.95975
 124.18565
 124.03936
 124.60644
 125.94402
 128.07852
 131.00456
 134.68522
 139.05352
 144.01502
 149.45167
 155.22645
 161.18888
 167.18099
 173.04362
 178.62278
 183.77579
 188.37694
 192.32254
 195.53501
 197.96603
 199.59840
 200.44679
 200.55710
 200.00467
 198.89126
 197.34099
 195.49540
 193.50780
 191.53717
 189.74179
 188.27298
 187.26903
 186.84970
 187.11144
 188.12354
 189.92540
 192.52491
 195.89817
 199.99043
 204.71829
 209.97298
   2.00000
   2.79468
   3.55767
   4.25857
   4.86942
   5.36588
   5.72816
   5.94180
   5.99829
   5.89539
   5.63719
   5.23399
   4.70185
   4.06201
   3.33995
   2.56448
   1.76650
   0.97784
   0.22992
  -0.44743
  -1.02721
  -1.48630
  -1.80641
  -1.97476
  -1.98466
  -1.83570
  -1.53382
  -1.09106
  -0.52507
   0.14159
   0.88234
   1.66764
   2.46620
   3.24617
   3.97645
   4.62795
   5.17467
   5.59483
   5.87168
   5.99417
   5.95743
   5.76292
   5.41840
   4.93759
   4.33967
   3.64847
   2.89156
   2.09910
   1.30269
   0.53408
  -0.17608
  -0.79950
  -1.31131
  -1.69110
  -1.92374
  -1.99996
  -1.91671
  -1.67731
  -1.29131
  -0.77410
  -0.14629
   0.56708
   1.33758
   2.13449
   2.92604
   3.68067
   4.36829
   4.96150
   5.43665
   5.77478
   5.96243
   5.99211
   5.86263
   5.57916
   5.15301
   4.60115
   3.94559
   3.21247
   2.43101
   1.63237
   0.84839
   0.11031
  -0.55243
  -1.11341
  -1.55027
  -1.84559
  -1.98760
  -1.97064
  -1.79538
  -1.46881
  -1.00395
  -0.41933
   0.26174
   1.01211
   1.80186
   2.59951
   3.37326
   4.09226
   4.72785
   5.25469
   5.65178
  -0.21272
   2.33720
   2.98135
  10.25333
  10.64037
  18.50829
  22.60860
  28.65829
  38.50273
  41.56322
  46.74567
  51.71743
  57.72601
  62.13579
  65.33837
  68.83648
  72.90833
  74.70692
  75.86036
  74.75711
  74.23054
  75.60760
  71.92848
  68.46332
  69.05544
  66.03783
  64.48928
  61.98673
  63.09041
  61.91238
  61.23713
  61.94562
  63.47873
  66.73439
  69.78858
  74.27874
  77.35134
  81.60559
  89.05671
  94.48084
 100.27172
 106.10444
 112.12983
 117.71262
 124.62966
 126.01245
 129.81973
 134.83849
 134.33490
 137.92254
 137.33886
 137.22050
 136.58797
 136.38905
 133.18401
 131.59058
 127.49650
 127.23027
 124.49591
 125.09308
 124.37167
 122.41008
 125.13475
 126.38741
 127.99368
 130.74862
 133.94627
 140.16377
 142.83770
 150.77336
 156.83574
 162.80798
 166.63021
 173.94322
 177.99387
 182.47499
 188.29493
 193.30600
 194.84023
 196.97810
 200.06556
 200.24186
 202.91629
 198.24173
 197.63015
 198.45949
 195.96929
 193.98867
 193.79373
 188.35687
 189.05736
 187.38200
 187.27646
 185.29428
 187.50790
 190.68674
 194.16692
 196.37613
 200.24100
 204.76101
 210.18849
