   0.00000
   2.00000
   4.19967
   6.59701
   9.18805
  11.96688
  14.92573
  18.05502
  21.34345
  24.77817
  28.34482
  32.02776
  35.81018
  39.67425
  43.60137
  47.57227
  51.56726
  55.56641
  59.54974
  63.49743
  67.39003
  71.20863
  74.93505
  78.55204
  82.04345
  85.39438
  88.59132
  91.62232
  94.47708
  97.14706
  99.62556
 101.90780
 103.99096
 105.87421
 107.55872
 109.04764
 110.34607
 111.46103
 112.40136
 113.17764
 113.80211
 114.28850
 114.65195
 114.90880
 115.07647
 115.17326
 115.21820
 115.23082
 115.23097
 115.23864
 115.27374
 115.35589
 115.50426
 115.73735
 116.07282
 116.52729
 117.11621
 117.85367
 118.75230
 119.82310
 121.07535
 122.51651
 124.15219
 125.98601
 128.01964
 130.25274
 132.68298
 135.30606
 138.11576
 141.10399
 144.26087
 147.57484
 151.03278
 154.62011
 158.32099
 162.11840
 165.99440
 169.93024
 173.90658
 177.90366
 181.90155
 185.88026
 189.82004
 193.70150
 197.50585
 201.21505
 204.81202
 208.28081
 211.60675
 214.77659
 217.77863
 220.60287
 223.24106
 225.68684
 227.93575
 229.98530
 231.83500
 233.48635
 234.94283
 236.20987
 237.29480
   2.00000
   2.19967
   2.39734
   2.59104
   2.77884
   2.95885
   3.12928
   3.28844
   3.43471
   3.56665
   3.68294
   3.78241
   3.86408
   3.92712
   3.97090
   3.99499
   3.99915
   3.98333
   3.94770
   3.89260
   3.81859
   3.72642
   3.61699
   3.49141
   3.35093
   3.19694
   3.03100
   2.85476
   2.66998
   2.47850
   2.28224
   2.08316
   1.88325
   1.68451
   1.48892
   1.29843
   1.11496
   0.94033
   0.77628
   0.62447
   0.48640
   0.36345
   0.25685
   0.16767
   0.09680
   0.04494
   0.01262
   0.00015
   0.00767
   0.03509
   0.08215
   0.14837
   0.23309
   0.33547
   0.45447
   0.58892
   0.73747
   0.89863
   1.07080
   1.25225
   1.44117
   1.63567
   1.83382
   2.03363
   2.23310
   2.43024
   2.62308
   2.80970
   2.98823
   3.15688
   3.31397
   3.45794
   3.58734
   3.70087
   3.79742
   3.87600
   3.93584
   3.97634
   3.99709
   3.99788
   3.97872
   3.93978
   3.88146
   3.80434
   3.70920
   3.59697
   3.46879
   3.32594
   3.16983
   3.00204
   2.82424
   2.63820
   2.44578
   2.24891
   2.04955
   1.84970
   1.65135
   1.45648
   1.26704
   1.08493
   0.91196
  -0.56518
   1.13867
   3.40373
   5.26532
   9.60739
   9.47986
  15.44532
  18.29927
  21.29412
  24.54241
  28.60148
  32.59642
  36.79109
  39.45302
  43.80591
  48.02783
  49.68140
  56.17680
  60.35831
  63.22602
  68.66378
  70.47678
  73.77045
  79.05868
  84.26036
  84.70716
  88.18830
  91.23318
  95.40534
  97.03218
  99.68309
 102.29532
 103.29249
 106.44365
 107.71001
 108.14528
 110.62050
 111.77276
 112.26916
 115.40966
 115.84215
 115.54359
 113.67509
 113.95973
 116.08760
 114.38749
 117.66681
 116.24141
 115.85964
 115.12598
 115.68229
 113.53239
 117.20566
 115.14784
 116.93414
 116.44680
 114.64174
 117.03116
 119.63274
 117.33800
 120.09547
 121.68720
 122.69086
 124.77153
 128.36102
 129.83941
 134.12059
 135.44369
 136.41568
 141.90132
 144.65622
 148.86320
 150.39171
 155.05712
 157.31708
 162.38558
 165.02421
 171.06440
 174.43451
 180.13305
 183.58075
 185.86812
 189.29989
 194.17752
 197.58848
 200.52070
 203.89517
 207.05320
 211.81747
 214.22234
 219.10648
 219.82253
 223.59735
 226.30330
 228.59660
 230.46265
 233.10304
 234.75377
 234.30786
 233.42826
 238.53115
