   0.00000
   4.00000
   8.19967
  12.59701
  17.18805
  21.96688
  26.92573
  32.05502
  37.34345
  42.77817
  48.34482
  54.02776
  59.81018
  65.67425
  71.60137
  77.57227
  83.56726
  89.56641
  95.54974
 101.49743
 107.39003
 113.20863
 118.93505
 124.55204
 130.04345
 135.39438
 140.59132
 145.62232
 150.47708
 155.14706
 159.62556
 163.90780
 167.99096
 171.87421
 175.55872
 179.04764
 182.34607
 185.46103
 188.40136
 191.17764
 193.80211
 196.28850
 198.65195
 200.90880
 203.07647
 205.17326
 207.21820
 209.23082
 211.23097
 213.23864
 215.27374
 217.35589
 219.50426
 221.73735
 224.07282
 226.52729
 229.11621
 231.85367
 234.75230
 237.82310
 241.07535
 244.51651
 248.15219
 251.98601
 256.01964
 260.25274
 264.68298
 269.30606
 274.11576
 279.10399
 284.26087
 289.57484
 295.03278
 300.62011
 306.32099
 312.11840
 317.99440
 323.93024
 329.90658
 335.90366
 341.90155
 347.88026
 353.82004
 359.70150
 365.50585
 371.21505
 376.81202
 382.28081
 387.60675
 392.77659
 397.77863
 402.60287
 407.24106
 411.68684
 415.93575
 419.98530
 423.83500
 427.48635
 430.94283
 434.20987
 437.29480
   4.00000
   4.19967
   4.39734
   4.59104
   4.77884
   4.95885
   5.12928
   5.28844
   5.43471
   5.56665
   5.68294
   5.78241
   5.86408
   5.92712
   5.97090
   5.99499
   5.99915
   5.98333
   5.94770
   5.89260
   5.81859
   5.72642
   5.61699
   5.49141
   5.35093
   5.19694
   5.03100
   4.85476
   4.66998
   4.47850
   4.28224
   4.08316
   3.88325
   3.68451
   3.48892
   3.29843
   3.11496
   2.94033
   2.77628
   2.62447
   2.48640
   2.36345
   2.25685
   2.16767
   2.09680
   2.04494
   2.01262
   2.00015
   2.00767
   2.03509
   2.08215
   2.14837
   2.23309
   2.33547
   2.45447
   2.58892
   2.73747
   2.89863
   3.07080
   3.25225
   3.44117
   3.63567
   3.83382
   4.03363
   4.23310
   4.43024
   4.62308
   4.80970
   4.98823
   5.15688
   5.31397
   5.45794
   5.58734
   5.70087
   5.79742
   5.87600
   5.93584
   5.97634
   5.99709
   5.99788
   5.97872
   5.93978
   5.88146
   5.80434
   5.70920
   5.59697
   5.46879
   5.32594
   5.16983
   5.00204
   4.82424
   4.63820
   4.44578
   4.24891
   4.04955
   3.84970
   3.65135
   3.45648
   3.26704
   3.08493
   2.91196
  -0.90451
   5.70181
   9.92992
  12.62639
  18.01431
  22.71813
  27.74900
  31.60901
  36.84120
  42.27459
  48.33960
  54.37010
  60.25993
  65.85751
  73.91728
  76.08409
  82.95777
  88.74055
  94.29872
 102.69023
 107.76453
 113.10363
 120.21115
 125.76464
 130.13439
 135.08219
 139.14811
 146.89892
 150.34371
 154.62493
 157.44957
 164.65103
 167.17307
 170.90125
 175.45367
 177.84614
 182.11608
 186.93369
 188.80715
 188.98502
 193.35130
 195.52756
 199.84451
 200.47936
 204.22390
 204.13671
 207.09668
 210.14552
 212.58597
 213.56352
 214.38153
 217.59134
 218.52459
 221.86030
 224.05203
 225.48575
 229.30856
 230.82206
 236.23879
 239.36189
 242.47131
 243.04520
 249.30134
 252.45142
 255.89196
 260.17005
 264.65855
 269.04839
 275.53817
 279.61286
 284.63405
 289.26923
 295.08257
 302.28313
 306.86746
 312.86533
 317.18296
 324.21677
 329.28281
 335.50296
 342.12522
 348.84932
 353.34229
 359.72541
 365.57400
 369.89685
 377.84279
 383.54230
 387.82408
 392.59907
 397.51670
 402.14908
 407.71424
 411.10354
 417.01808
 420.58428
 422.98685
 429.95840
 430.11167
 433.84654
 437.83647
