   0.00000
   1.00000
   2.19867
   3.58809
   5.15273
   6.87009
   8.71156
  10.64360
  12.62905
  14.62862
  16.60247
  18.51176
  20.32026
  21.99572
  23.51123
  24.84621
  25.98733
  26.92896
  27.67342
  28.23090
  28.61904
  28.86224
  28.99066
  29.03906
  29.04537
  29.04920
  29.09028
  29.20683
  29.43406
  29.80279
  30.33819
  31.05878
  31.97569
  33.09224
  34.40378
  35.89789
  37.55488
  39.34855
  41.24725
  43.21517
  45.21372
  47.20307
  49.14381
  50.99840
  52.73280
  54.31772
  55.72984
  56.95273
  57.97750
  58.80318
  59.43670
  59.89268
  60.19280
  60.36497
  60.44220
  60.46126
  60.46127
  60.48209
  60.56277
  60.73994
  61.04641
  61.50984
  62.15161
  62.98601
  64.01963
  65.25114
  66.67131
  68.26338
  70.00376
  71.86292
  73.80661
  75.79722
  77.79525
  79.76090
  81.65570
  83.44395
  85.09424
  86.58063
  87.88375
  88.99151
  89.89960
  90.61170
  91.13927
  91.50117
  91.72282
  91.83525
  91.87385
  91.87695
  91.88429
  91.93545
  92.06824
  92.31726
  92.71242
  93.27786
  94.03089
  94.98135
  96.13123
  97.47454
  98.99761
 100.67957
 102.49325
   1.00000
   1.19867
   1.38942
   1.56464
   1.71736
   1.84147
   1.93204
   1.98545
   1.99957
   1.97385
   1.90930
   1.80850
   1.67546
   1.51550
   1.33499
   1.14112
   0.94163
   0.74446
   0.55748
   0.38814
   0.24320
   0.12842
   0.04840
   0.00631
   0.00384
   0.04108
   0.11655
   0.22724
   0.36873
   0.53540
   0.72058
   0.91691
   1.11655
   1.31154
   1.49411
   1.65699
   1.79367
   1.89871
   1.96792
   1.99854
   1.98936
   1.94073
   1.85460
   1.73440
   1.58492
   1.41212
   1.22289
   1.02478
   0.82567
   0.63352
   0.45598
   0.30013
   0.17217
   0.07722
   0.01906
   0.00001
   0.02082
   0.08067
   0.17717
   0.30647
   0.46343
   0.64177
   0.83440
   1.03362
   1.23151
   1.42017
   1.59207
   1.74038
   1.85916
   1.94370
   1.99061
   1.99803
   1.96566
   1.89479
   1.78825
   1.65029
   1.48640
   1.30312
   1.10775
   0.90809
   0.71210
   0.52758
   0.36189
   0.22165
   0.11243
   0.03860
   0.00310
   0.00734
   0.05116
   0.13280
   0.24901
   0.39517
   0.56543
   0.75303
   0.95046
   1.14988
   1.34331
   1.52307
   1.68196
   1.81367
   1.91295
   2.79827
   2.47420
   1.85030
   5.45282
   5.01610
   6.69870
   6.54481
   9.28894
  10.50785
  16.02568
  15.20045
  19.15762
  20.19936
  22.63286
  23.91686
  24.29868
  25.76025
  27.05299
  28.80297
  28.68921
  29.04699
  30.96782
  28.03182
  31.64647
  27.55629
  29.80144
  29.51604
  30.28421
  31.10249
  30.07486
  29.56043
  30.69962
  31.89921
  33.81833
  34.26183
  35.79821
  37.60075
  38.49645
  42.34342
  44.40590
  46.01567
  47.04243
  49.86363
  49.03468
  52.23822
  56.15607
  56.73963
  58.39859
  58.76835
  57.85738
  60.05553
  61.40869
  60.04715
  59.14805
  60.82213
  60.78630
  61.14386
  60.02746
  60.24587
  60.72454
  60.97074
  62.81813
  61.90374
  62.53809
  64.56895
  63.51509
  67.38414
  69.07126
  69.50880
  71.96118
  74.51800
  76.32191
  79.22757
  80.52887
  82.31511
  82.22453
  86.33103
  86.31461
  87.82108
  88.58571
  88.39662
  91.59138
  90.44773
  91.58985
  92.10845
  88.98036
  90.52817
  94.02134
  91.83547
  91.21042
  91.82024
  93.66764
  92.79148
  92.19251
  93.32110
  95.87183
  97.03558
  96.02552
  99.11525
  99.72079
 100.65550
