   0.00000
   3.00000
   6.29552
   9.86016
  13.64349
  17.57553
  21.57302
  25.54687
  29.41008
  33.08554
  36.51292
  39.65404
  42.49630
  45.05378
  47.36601
  49.49444
  51.51691
  53.52074
  55.59493
  57.82216
  60.27148
  62.99206
  66.00887
  69.32042
  72.89886
  76.69252
  80.63052
  84.62907
  88.59896
  92.45356
  96.11652
  99.52864
 102.65310
 105.47877
 108.02124
 110.32136
 112.44166
 114.46073
 116.46618
 118.54685
 120.78486
 123.24829
 125.98506
 129.01868
 132.34616
 135.93823
 139.74201
 143.68571
 147.68502
 151.65068
 155.49642
 159.14671
 162.54345
 165.65121
 168.46035
 170.98793
 173.27614
 175.38857
 177.40451
 179.41185
 181.49927
 183.74828
 186.22597
 188.97900
 192.02942
 195.37273
 198.97827
 202.79195
 206.74107
 210.74087
 214.70202
 218.53867
 222.17610
 225.55735
 228.64837
 231.44103
 233.95386
 236.23036
 238.33518
 240.34826
 242.35778
 244.45220
 246.71242
 249.20452
 251.97388
 255.04108
 258.40014
 262.01898
 265.84231
 269.79660
 273.79659
 277.75297
 281.58029
 285.20467
 288.57032
 291.64459
 294.42083
 296.91904
 299.18404
 301.28149
 303.29200
   3.00000
   3.29552
   3.56464
   3.78333
   3.93204
   3.99749
   3.97385
   3.86321
   3.67546
   3.42738
   3.14112
   2.84225
   2.55748
   2.31223
   2.12842
   2.02247
   2.00384
   2.07419
   2.22724
   2.44931
   2.72058
   3.01681
   3.31154
   3.57844
   3.79367
   3.93800
   3.99854
   3.96989
   3.85460
   3.66297
   3.41212
   3.12445
   2.82567
   2.54246
   2.30013
   2.12030
   2.01906
   2.00545
   2.08067
   2.23802
   2.46343
   2.73677
   3.03362
   3.32747
   3.59207
   3.80378
   3.94370
   3.99931
   3.96566
   3.84575
   3.65029
   3.39674
   3.10775
   2.80914
   2.52758
   2.28821
   2.11243
   2.01593
   2.00734
   2.08742
   2.24901
   2.47769
   2.75303
   3.05042
   3.34331
   3.60554
   3.81367
   3.94912
   3.99979
   3.96115
   3.83666
   3.63742
   3.38125
   3.09102
   2.79266
   2.51283
   2.27651
   2.10481
   2.01308
   2.00951
   2.09442
   2.26022
   2.49210
   2.76935
   3.06721
   3.35906
   3.61884
   3.82333
   3.95429
   3.99999
   3.95638
   3.82733
   3.62438
   3.36565
   3.07427
   2.77624
   2.49821
   2.26500
   2.09745
   2.01051
   2.01197
   0.11126
   3.78861
   6.11488
  10.09664
  13.48946
  17.63842
  22.87304
  27.07793
  28.47060
  32.07137
  37.10273
  38.68143
  41.80963
  44.45090
  47.81809
  49.86219
  53.72806
  53.71498
  54.79733
  58.16959
  59.64873
  63.06571
  67.12539
  69.85970
  72.87107
  79.00597
  81.12784
  85.90171
  89.82458
  93.96207
  96.79443
  99.69768
 103.45562
 104.95878
 108.87811
 110.92519
 112.20885
 115.07529
 117.93960
 120.23696
 120.58283
 121.77776
 125.64920
 130.70183
 132.47259
 135.98684
 138.68731
 142.73528
 149.05605
 151.42456
 155.45886
 158.90122
 160.63350
 165.79422
 168.95565
 170.86685
 172.82829
 175.69845
 179.11992
 178.82588
 181.13015
 184.70026
 188.01844
 191.26140
 192.74815
 194.09093
 199.15915
 202.10136
 208.64825
 210.91979
 216.13373
 217.57936
 224.18684
 225.96525
 228.59349
 233.03363
 235.55713
 235.07302
 235.34568
 240.35940
 240.41182
 242.81230
 247.26367
 249.22299
 252.40556
 254.73256
 258.69406
 262.87700
 264.56441
 269.44315
 273.58310
 278.08044
 280.98473
 283.63313
 289.20394
 291.64961
 293.83743
 295.69821
 298.19524
 300.75224
 302.26595
