   0.00000
   3.00000
   6.29552
   9.86016
  13.64349
  17.57553
  21.57302
  25.54687
  29.41008
  33.08554
  36.51292
  39.65404
  42.49630
  45.05378
  47.36601
  49.49444
  51.51691
  53.52074
  55.59493
  57.82216
  60.27148
  62.99206
  66.00887
  69.32042
  72.89886
  76.69252
  80.63052
  84.62907
  88.59896
  92.45356
  96.11652
  99.52864
 102.65310
 105.47877
 108.02124
 110.32136
 112.44166
 114.46073
 116.46618
 118.54685
 120.78486
 123.24829
 125.98506
 129.01868
 132.34616
 135.93823
 139.74201
 143.68571
 147.68502
 151.65068
 155.49642
 159.14671
 162.54345
 165.65121
 168.46035
 170.98793
 173.27614
 175.38857
 177.40451
 179.41185
 181.49927
 183.74828
 186.22597
 188.97900
 192.02942
 195.37273
 198.97827
 202.79195
 206.74107
 210.74087
 214.70202
 218.53867
 222.17610
 225.55735
 228.64837
 231.44103
 233.95386
 236.23036
 238.33518
 240.34826
 242.35778
 244.45220
 246.71242
 249.20452
 251.97388
 255.04108
 258.40014
 262.01898
 265.84231
 269.79660
 273.79659
 277.75297
 281.58029
 285.20467
 288.57032
 291.64459
 294.42083
 296.91904
 299.18404
 301.28149
 303.29200
   3.00000
   3.29552
   3.56464
   3.78333
   3.93204
   3.99749
   3.97385
   3.86321
   3.67546
   3.42738
   3.14112
   2.84225
   2.55748
   2.31223
   2.12842
   2.02247
   2.00384
   2.07419
   2.22724
   2.44931
   2.72058
   3.01681
   3.31154
   3.57844
   3.79367
   3.93800
   3.99854
   3.96989
   3.85460
   3.66297
   3.41212
   3.12445
   2.82567
   2.54246
   2.30013
   2.12030
   2.01906
   2.00545
   2.08067
   2.23802
   2.46343
   2.73677
   3.03362
   3.32747
   3.59207
   3.80378
   3.94370
   3.99931
   3.96566
   3.84575
   3.65029
   3.39674
   3.10775
   2.80914
   2.52758
   2.28821
   2.11243
   2.01593
   2.00734
   2.08742
   2.24901
   2.47769
   2.75303
   3.05042
   3.34331
   3.60554
   3.81367
   3.94912
   3.99979
   3.96115
   3.83666
   3.63742
   3.38125
   3.09102
   2.79266
   2.51283
   2.27651
   2.10481
   2.01308
   2.00951
   2.09442
   2.26022
   2.49210
   2.76935
   3.06721
   3.35906
   3.61884
   3.82333
   3.95429
   3.99999
   3.95638
   3.82733
   3.62438
   3.36565
   3.07427
   2.77624
   2.49821
   2.26500
   2.09745
   2.01051
   2.01197
   0.76508
   1.91811
   5.65044
  10.70670
  14.16573
  18.30068
  20.24094
  26.42305
  29.18132
  33.99160
  34.51133
  39.62509
  41.77818
  43.61382
  45.27049
  49.21963
  50.69247
  54.60863
  54.46955
  57.25039
  61.91898
  62.11641
  66.95862
  68.30636
  72.96828
  77.89352
  80.70304
  84.83926
  88.81920
  92.56657
  96.32249
  98.53777
 102.64885
 105.20459
 107.74619
 111.16930
 114.15878
 116.11240
 115.88608
 119.28029
 119.41039
 123.66130
 125.86452
 127.05591
 131.46655
 136.79050
 137.92762
 143.76021
 147.85188
 151.51556
 156.80101
 159.20390
 160.77483
 166.23890
 168.83781
 168.95136
 174.13218
 174.83690
 178.17116
 178.97421
 182.48984
 181.85642
 187.71124
 188.97272
 191.30479
 194.47532
 199.53717
 202.51453
 206.04734
 212.81828
 213.80182
 218.86480
 222.47463
 225.35072
 229.34573
 231.01135
 233.76888
 237.40431
 238.52497
 239.85666
 243.59018
 244.39375
 246.32235
 250.02475
 252.30892
 254.08010
 258.29476
 260.70082
 266.04396
 271.03427
 272.14332
 277.75026
 283.24241
 285.66113
 289.30052
 291.69098
 293.56198
 295.74663
 298.80483
 302.07324
 302.46226
