   0.00000
   1.00000
   2.00000
   3.00000
   4.00000
   5.00000
   6.00000
   7.00000
   8.00000
   9.00000
  10.00000
  11.00000
  12.00000
  13.00000
  14.00000
  15.00000
  16.00000
  17.00000
  18.00000
  19.00000
  20.00000
  21.00000
  22.00000
  23.00000
  24.00000
  25.00000
  26.00000
  27.00000
  28.00000
  29.00000
  30.00000
  31.00000
  32.00000
  33.00000
  34.00000
  35.00000
  36.00000
  37.00000
  38.00000
  39.00000
  40.00000
  41.00000
  42.00000
  43.00000
  44.00000
  45.00000
  46.00000
  47.00000
  48.00000
  49.00000
  50.00000
  51.00000
  52.00000
  53.00000
  54.00000
  55.00000
  56.00000
  57.00000
  58.00000
  59.00000
  60.00000
  61.00000
  62.00000
  63.00000
  64.00000
  65.00000
  66.00000
  67.00000
  68.00000
  69.00000
  70.00000
  71.00000
  72.00000
  73.00000
  74.00000
  75.00000
  76.00000
  77.00000
  78.00000
  79.00000
  80.00000
  81.00000
  82.00000
  83.00000
  84.00000
  85.00000
  86.00000
  87.00000
  88.00000
  89.00000
  90.00000
  91.00000
  92.00000
  93.00000
  94.00000
  95.00000
  96.00000
  97.00000
  98.00000
  99.00000
 100.00000
   1.00000
   1.00000
   1.00000
   1.00000
   1.00000
   1.00000
   1.00000
   1.00000
   1.00000
   1.00000
   1.00000
   1.00000
   1.00000
   1.00000
   1.00000
   1.00000
   1.00000
   1.00000
   1.00000
   1.00000
   1.00000
   1.00000
   1.00000
   1.00000
   1.00000
   1.00000
   1.00000
   1.00000
   1.00000
   1.00000
   1.00000
   1.00000
   1.00000
   1.00000
   1.00000
   1.00000
   1.00000
   1.00000
   1.00000
   1.00000
   1.00000
   1.00000
   1.00000
   1.00000
   1.00000
   1.00000
   1.00000
   1.00000
   1.00000
   1.00000
   1.00000
   1.00000
   1.00000
   1.00000
   1.00000
   1.00000
   1.00000
   1.00000
   1.00000
   1.00000
   1.00000
   1.00000
   1.00000
   1.00000
   1.00000
   1.00000
   1.00000
   1.00000
   1.00000
   1.00000
   1.00000
   1.00000
   1.00000
   1.00000
   1.00000
   1.00000
   1.00000
   1.00000
   1.00000
   1.00000
   1.00000
   1.00000
   1.00000
   1.00000
   1.00000
   1.00000
   1.00000
   1.00000
   1.00000
   1.00000
   1.00000
   1.00000
   1.00000
   1.00000
   1.00000
   1.00000
   1.00000
   1.00000
   1.00000
   1.00000
   1.00000
  -0.02612
   0.58123
   0.81754
   2.27589
   5.51892
   4.84852
   4.48263
   6.17547
   9.48148
   7.84951
   9.44845
  10.75053
  11.34830
  11.71676
  13.35355
  16.46919
  15.04837
  15.16787
  18.07013
  21.83585
  23.22781
  22.00023
  22.69296
  24.17302
  23.12785
  25.70413
  25.68400
  27.54865
  27.17416
  28.20437
  27.89989
  29.81152
  31.56585
  32.30633
  34.78666
  34.74698
  37.07633
  37.77388
  39.53713
  38.62313
  39.88612
  41.09585
  41.48465
  43.46058
  46.07944
  46.59603
  46.59038
  47.45804
  48.58772
  47.89003
  51.34793
  51.63200
  51.73096
  53.98882
  54.66157
  53.91988
  56.49389
  58.95656
  58.50867
  58.64933
  59.82738
  59.69124
  61.02116
  63.83587
  63.20810
  63.37484
  66.88564
  67.28101
  67.86721
  70.32029
  70.80553
  69.65378
  71.39489
  73.90099
  72.05592
  75.48640
  76.09569
  76.71097
  78.19660
  79.50236
  79.76813
  82.15039
  80.30208
  80.96028
  85.06066
  85.03228
  85.23683
  85.55628
  89.67179
  88.91466
  87.96769
  92.80420
  91.83965
  93.72225
  96.05423
  95.96939
  96.39482
  97.69743
  97.97309
  98.71976
  99.59581
