   0.00000
   2.00000
   4.38942
   7.10677
  10.03881
  13.03839
  15.94768
  18.62315
  20.95814
  22.89976
  24.45724
  25.70044
  26.74884
  27.75267
  28.86922
  30.23795
  31.95854
  34.07508
  36.56920
  39.36287
  42.33079
  45.32014
  48.17474
  50.75966
  52.98255
  54.80822
  56.26420
  57.43638
  58.45544
  59.47626
  60.65343
  62.11686
  63.95126
  66.18277
  68.77484
  71.63400
  74.62461
  77.59027
  80.37852
  82.86492
  84.97267
  86.68477
  88.04666
  89.15909
  90.16219
  91.21335
  92.46236
  94.02780
  95.97826
  98.32158
 101.00354
 103.91648
 106.91628
 109.84507
 112.55623
 114.93748
 116.92863
 118.53108
 119.80758
 120.87237
 121.87310
 122.96752
 124.29861
 125.97197
 128.03918
 130.48962
 133.25218
 136.20647
 139.20182
 142.08109
 144.70547
 146.97637
 148.85104
 150.34925
 151.55023
 152.58012
 153.59209
 154.74212
 156.16440
 157.95015
 160.13319
 162.68461
 165.51737
 168.49999
 171.47733
 174.29510
 176.82418
 178.98105
 180.74094
 182.14176
 183.27810
 184.28632
 185.32300
 186.54023
 188.06158
 189.96263
 192.25900
 194.90390
 197.79551
 200.79306
 203.73908
   2.00000
   2.38942
   2.71736
   2.93204
   2.99957
   2.90930
   2.67546
   2.33499
   1.94163
   1.55748
   1.24320
   1.04840
   1.00384
   1.11655
   1.36873
   1.72058
   2.11655
   2.49411
   2.79367
   2.96792
   2.98936
   2.85460
   2.58492
   2.22289
   1.82567
   1.45598
   1.17217
   1.01906
   1.02082
   1.17717
   1.46343
   1.83440
   2.23151
   2.59207
   2.85916
   2.99061
   2.96566
   2.78825
   2.48640
   2.10775
   1.71210
   1.36189
   1.11243
   1.00310
   1.05116
   1.24901
   1.56543
   1.95046
   2.34331
   2.68196
   2.91295
   2.99979
   2.92880
   2.71116
   2.38125
   1.99115
   1.60244
   1.27651
   1.06479
   1.00072
   1.09442
   1.33109
   1.67336
   2.06721
   2.45044
   2.76256
   2.95429
   2.99535
   2.87927
   2.62438
   2.27091
   1.87466
   1.49821
   1.20098
   1.02989
   1.01197
   1.15003
   1.42228
   1.78575
   2.18304
   2.55143
   2.83276
   2.98262
   2.97734
   2.81777
   2.52908
   2.15687
   1.75989
   1.40082
   1.13634
   1.00822
   1.03668
   1.21723
   1.52135
   1.90105
   2.29637
   2.64490
   2.89161
   2.99756
   2.94601
   2.74511
   1.29604
   2.33161
   3.27328
   7.15784
   8.60158
  12.75205
  15.95922
  18.24102
  20.43517
  19.57833
  25.62602
  25.75611
  28.23268
  26.91850
  28.72364
  29.42749
  34.06537
  32.41599
  36.33211
  38.46421
  41.77445
  45.80173
  47.21357
  51.14779
  52.76214
  55.81343
  55.98628
  56.44418
  57.40635
  58.21273
  60.52962
  62.76236
  62.71833
  65.93221
  69.89855
  71.91901
  72.73853
  74.72717
  81.38122
  82.76820
  84.25650
  87.97865
  88.42444
  88.75462
  90.19553
  90.68005
  92.81543
  92.25734
  95.60544
  97.78223
 101.15920
 104.55183
 106.12902
 109.17875
 112.90008
 115.00527
 118.07359
 119.62621
 120.25446
 122.06563
 121.59442
 122.08315
 122.82603
 124.73164
 128.18652
 129.87980
 133.50867
 136.52668
 137.55072
 142.26583
 144.75976
 147.76297
 149.74585
 151.05242
 150.20928
 151.76032
 155.57240
 154.45797
 158.44479
 156.70760
 160.09773
 162.26309
 164.81013
 170.60938
 172.17883
 173.91267
 178.27129
 177.58290
 180.28223
 182.46146
 183.19849
 184.79699
 185.14445
 186.11002
 187.73023
 189.88205
 190.44255
 196.47629
 196.64702
 200.52326
 203.17273
