   0.00000
   0.00000
   0.39734
   1.17618
   2.30546
   3.74017
   5.42311
   7.28719
   9.25809
  11.25724
  13.20493
  15.02353
  16.64052
  17.99145
  19.02245
  19.69243
  19.97467
  19.85792
  19.34684
  18.46180
  17.23808
  15.72448
  13.98132
  12.07812
  10.09074
   8.09841
   6.18056
   4.41365
   2.86812
   1.60559
   0.67638
   0.11755
  -0.04863
   0.18447
   0.80756
   1.79578
   3.10976
   4.69709
   6.49451
   8.43035
  10.42743
  12.40615
  14.28761
  15.99681
  17.46560
  18.63544
  19.45967
  19.90545
  19.95500
  19.60635
  18.87339
  17.78535
  16.38560
  14.72995
  12.88440
  10.92253
   8.92254
   6.96419
   5.12553
   3.47988
   2.09282
   1.01968
   0.30322
  -0.02799
   0.03926
   0.50228
   1.34261
   2.52676
   4.00751
   5.72583
   7.61323
   9.59444
  11.59049
  13.52181
  15.31139
  16.88790
  18.18847
  19.16127
  19.76751
  19.98301
  19.79920
  19.22339
  18.27855
  17.00234
  15.44563
  13.67050
  11.74770
   9.75390
   7.76858
   5.87089
   4.13649
   2.63452
   1.42485
   0.55572
   0.06177
  -0.03730
   0.26245
   0.94908
   1.99522
   3.35914
   4.98649
   0.00000
   0.39734
   0.77884
   1.12928
   1.43471
   1.68294
   1.86408
   1.97090
   1.99915
   1.94770
   1.81859
   1.61699
   1.35093
   1.03100
   0.66998
   0.28224
  -0.11675
  -0.51108
  -0.88504
  -1.22372
  -1.51360
  -1.74315
  -1.90320
  -1.98738
  -1.99233
  -1.91785
  -1.76691
  -1.54553
  -1.26253
  -0.92920
  -0.55883
  -0.16618
   0.23310
   0.62308
   0.98823
   1.31397
   1.58734
   1.79742
   1.93584
   1.99709
   1.97872
   1.88146
   1.70920
   1.46879
   1.16983
   0.82424
   0.44578
   0.04955
  -0.34865
  -0.73296
  -1.08804
  -1.39975
  -1.65565
  -1.84555
  -1.96187
  -1.99998
  -1.95836
  -1.83866
  -1.64566
  -1.38705
  -1.07315
  -0.71646
  -0.33121
   0.06725
   0.46302
   0.84033
   1.18415
   1.48075
   1.71832
   1.88739
   1.98121
   1.99605
   1.93132
   1.78958
   1.57650
   1.30058
   0.97280
   0.60624
   0.21551
  -0.18381
  -0.57581
  -0.94484
  -1.27621
  -1.55670
  -1.77513
  -1.92279
  -1.99380
  -1.98532
  -1.89769
  -1.73440
  -1.50197
  -1.20967
  -0.86913
  -0.49395
  -0.09907
   0.29975
   0.68663
   1.04613
   1.36393
   1.62735
   1.82589
  -1.79138
  -2.05458
   0.27387
  -0.52621
   2.69649
   4.90530
   6.53280
   6.10425
  11.04039
  11.01615
  13.51165
  14.14275
  15.43285
  19.15269
  19.21493
  20.80347
  18.80260
  21.69616
  18.73663
  17.46272
  15.58947
  17.14629
  13.60610
  10.12972
  10.80678
   8.67437
   6.25809
   4.76042
   1.71761
   1.77558
   0.95268
   2.44759
   1.87494
  -0.40750
   0.24583
   2.39284
   1.91924
   5.16295
   8.42752
   9.70079
  10.07814
  12.99238
  14.96267
  14.70954
  16.90705
  19.56063
  19.70068
  21.74401
  20.49834
  18.70184
  18.98849
  16.80351
  17.62507
  14.66455
  12.77455
  11.61063
   9.02914
   7.48205
   6.08676
   3.85042
   0.24490
   2.67948
   0.04257
   1.44311
   1.62305
   1.35822
   0.96989
   2.22885
   4.38755
   5.06706
   5.13027
   9.97130
  13.01305
  12.38790
  15.01240
  16.78617
  18.70288
  18.68194
  19.32181
  19.77367
  21.17595
  19.61129
  17.00209
  16.79880
  14.10661
  13.43255
  11.86867
   9.43811
   9.47072
   6.79863
   3.54173
   3.65173
   0.16207
   1.78247
  -0.07640
   2.45242
   0.11273
   1.60340
   0.89474
   5.13247
   2.50518
