   0.00000
   4.00000
   8.38942
  13.10677
  18.03881
  23.03839
  27.94768
  32.62315
  36.95814
  40.89976
  44.45724
  47.70044
  50.74884
  53.75267
  56.86922
  60.23795
  63.95854
  68.07508
  72.56920
  77.36287
  82.33079
  87.32014
  92.17474
  96.75966
 100.98255
 104.80822
 108.26420
 111.43638
 114.45544
 117.47626
 120.65343
 124.11686
 127.95126
 132.18277
 136.77484
 141.63400
 146.62461
 151.59027
 156.37852
 160.86492
 164.97267
 168.68477
 172.04666
 175.15909
 178.16219
 181.21335
 184.46236
 188.02780
 191.97826
 196.32158
 201.00354
 205.91648
 210.91628
 215.84507
 220.55623
 224.93748
 228.92863
 232.53108
 235.80758
 238.87237
 241.87310
 244.96752
 248.29861
 251.97197
 256.03918
 260.48962
 265.25218
 270.20647
 275.20182
 280.08109
 284.70547
 288.97637
 292.85104
 296.34925
 299.55023
 302.58012
 305.59209
 308.74212
 312.16440
 315.95015
 320.13319
 324.68461
 329.51737
 334.49999
 339.47733
 344.29510
 348.82418
 352.98105
 356.74094
 360.14176
 363.27810
 366.28632
 369.32300
 372.54023
 376.06158
 379.96263
 384.25900
 388.90390
 393.79551
 398.79306
 403.73908
   4.00000
   4.38942
   4.71736
   4.93204
   4.99957
   4.90930
   4.67546
   4.33499
   3.94163
   3.55748
   3.24320
   3.04840
   3.00384
   3.11655
   3.36873
   3.72058
   4.11655
   4.49411
   4.79367
   4.96792
   4.98936
   4.85460
   4.58492
   4.22289
   3.82567
   3.45598
   3.17217
   3.01906
   3.02082
   3.17717
   3.46343
   3.83440
   4.23151
   4.59207
   4.85916
   4.99061
   4.96566
   4.78825
   4.48640
   4.10775
   3.71210
   3.36189
   3.11243
   3.00310
   3.05116
   3.24901
   3.56543
   3.95046
   4.34331
   4.68196
   4.91295
   4.99979
   4.92880
   4.71116
   4.38125
   3.99115
   3.60244
   3.27651
   3.06479
   3.00072
   3.09442
   3.33109
   3.67336
   4.06721
   4.45044
   4.76256
   4.95429
   4.99535
   4.87927
   4.62438
   4.27091
   3.87466
   3.49821
   3.20098
   3.02989
   3.01197
   3.15003
   3.42228
   3.78575
   4.18304
   4.55143
   4.83276
   4.98262
   4.97734
   4.81777
   4.52908
   4.15687
   3.75989
   3.40082
   3.13634
   3.00822
   3.03668
   3.21723
   3.52135
   3.90105
   4.29637
   4.64490
   4.89161
   4.99756
   4.94601
   4.74511
   0.62767
   4.06880
  10.36886
  12.01461
  19.02214
  23.36668
  27.48993
  33.04107
  35.94443
  40.86883
  44.43519
  48.58481
  50.43838
  52.83720
  57.38256
  60.81613
  64.49362
  67.42367
  73.46647
  78.96701
  81.29281
  88.03065
  90.41791
  95.99137
 102.46829
 104.33070
 107.27082
 111.54932
 114.38735
 117.48494
 120.48428
 123.59915
 127.72762
 132.66028
 136.69106
 141.85700
 147.76576
 152.11906
 156.48053
 160.38859
 166.48627
 169.14658
 172.73920
 175.93644
 179.51450
 179.53333
 182.68855
 187.93286
 191.73201
 197.30709
 200.57257
 207.67962
 209.88332
 215.56076
 220.43349
 225.05597
 229.56466
 232.92947
 233.86289
 240.16929
 242.00082
 244.98306
 249.19608
 251.01945
 255.27538
 260.24581
 266.20514
 270.37319
 273.85466
 282.06845
 284.50959
 288.91462
 293.75469
 295.24604
 299.67738
 303.77735
 306.04070
 309.08933
 309.84156
 316.70440
 320.16475
 323.38644
 331.81344
 334.80597
 337.47520
 344.05377
 349.14317
 352.90671
 359.10445
 359.76228
 363.53527
 367.41160
 369.50096
 372.72717
 377.49315
 378.27150
 385.46009
 387.81894
 392.82110
 397.82010
 402.54947
