   0.00000
   4.00000
   8.00000
  12.00000
  16.00000
  20.00000
  24.00000
  28.00000
  32.00000
  36.00000
  40.00000
  44.00000
  48.00000
  52.00000
  56.00000
  60.00000
  64.00000
  68.00000
  72.00000
  76.00000
  80.00000
  84.00000
  88.00000
  92.00000
  96.00000
 100.00000
 104.00000
 108.00000
 112.00000
 116.00000
 120.00000
 124.00000
 128.00000
 132.00000
 136.00000
 140.00000
 144.00000
 148.00000
 152.00000
 156.00000
 160.00000
 164.00000
 168.00000
 172.00000
 176.00000
 180.00000
 184.00000
 188.00000
 192.00000
 196.00000
 200.00000
 204.00000
 208.00000
 212.00000
 216.00000
 220.00000
 224.00000
 228.00000
 232.00000
 236.00000
 240.00000
 244.00000
 248.00000
 252.00000
 256.00000
 260.00000
 264.00000
 268.00000
 272.00000
 276.00000
 280.00000
 284.00000
 288.00000
 292.00000
 296.00000
 300.00000
 304.00000
 308.00000
 312.00000
 316.00000
 320.00000
 324.00000
 328.00000
 332.00000
 336.00000
 340.00000
 344.00000
 348.00000
 352.00000
 356.00000
 360.00000
 364.00000
 368.00000
 372.00000
 376.00000
 380.00000
 384.00000
 388.00000
 392.00000
 396.00000
 400.00000
   4.00000
   4.00000
   4.00000
   4.00000
   4.00000
   4.00000
   4.00000
   4.00000
   4.00000
   4.00000
   4.00000
   4.00000
   4.00000
   4.00000
   4.00000
   4.00000
   4.00000
   4.00000
   4.00000
   4.00000
   4.00000
   4.00000
   4.00000
   4.00000
   4.00000
   4.00000
   4.00000
   4.00000
   4.00000
   4.00000
   4.00000
   4.00000
   4.00000
   4.00000
   4.00000
   4.00000
   4.00000
   4.00000
   4.00000
   4.00000
   4.00000
   4.00000
   4.00000
   4.00000
   4.00000
   4.00000
   4.00000
   4.00000
   4.00000
   4.00000
   4.00000
   4.00000
   4.00000
   4.00000
   4.00000
   4.00000
   4.00000
   4.00000
   4.00000
   4.00000
   4.00000
   4.00000
   4.00000
   4.00000
   4.00000
   4.00000
   4.00000
   4.00000
   4.00000
   4.00000
   4.00000
   4.00000
   4.00000
   4.00000
   4.00000
   4.00000
   4.00000
   4.00000
   4.00000
   4.00000
   4.00000
   4.00000
   4.00000
   4.00000
   4.00000
   4.00000
   4.00000
   4.00000
   4.00000
   4.00000
   4.00000
   4.00000
   4.00000
   4.00000
   4.00000
   4.00000
   4.00000
   4.00000
   4.00000
   4.00000
   4.00000
  -0.80048
   3.06995
  10.64942
  12.47340
  15.02640
  19.06891
  24.69096
  27.76415
  28.96920
  36.45420
  41.01908
  43.67423
  46.58981
  50.66166
  55.70461
  61.23624
  63.77258
  68.18700
  72.80851
  75.19217
  80.73166
  83.86939
  89.01078
  92.58380
  95.87954
 101.42676
 104.97344
 107.15845
 111.56196
 113.32861
 121.82308
 124.16643
 130.53246
 132.33023
 136.85083
 140.05506
 143.23486
 148.86023
 152.88753
 155.79614
 160.96885
 164.12397
 168.87778
 171.98776
 175.59234
 179.31875
 181.66021
 189.42911
 193.34317
 196.60559
 201.22656
 203.91368
 209.63108
 211.19670
 216.05137
 220.13188
 222.88136
 228.47498
 230.50698
 234.26721
 237.95993
 245.30488
 248.97573
 253.76539
 257.56665
 260.12192
 263.86840
 266.94218
 273.54178
 274.87469
 280.74431
 285.06993
 286.15601
 290.73134
 296.47723
 298.79156
 302.99813
 308.45108
 311.98522
 316.93560
 319.39505
 324.75934
 327.70714
 332.21874
 336.92452
 338.99604
 343.10715
 349.23864
 351.46038
 356.40731
 359.20829
 364.21363
 367.19689
 374.49230
 374.24847
 380.26371
 381.48447
 387.14088
 393.49129
 396.03874
 401.27242
