   0.00000
   1.00000
   2.79468
   5.35235
   8.61092
  12.48034
  16.84623
  21.57439
  26.51618
  31.51448
  36.40987
  41.04706
  45.28104
  48.98290
  52.04490
  54.38486
  55.94934
  56.71584
  56.69367
  55.92359
  54.47616
  52.44895
  49.96265
  47.15624
  44.18148
  41.19682
  38.36112
  35.82730
  33.73624
  32.21118
  31.35277
  31.23511
  31.90275
  33.36895
  35.61511
  38.59156
  42.21951
  46.39418
  50.98901
  55.86069
  60.85487
  65.81230
  70.57522
  74.99362
  78.93121
  82.27087
  84.91935
  86.81091
  87.91001
  88.21270
  87.74679
  86.57070
  84.77120
  82.45990
  79.76880
  76.84505
  73.84509
  70.92838
  68.25106
  65.95975
  64.18565
  63.03936
  62.60644
  62.94402
  64.07852
  66.00456
  68.68522
  72.05352
  76.01502
  80.45167
  85.22645
  90.18888
  95.18099
 100.04362
 104.62278
 108.77579
 112.37694
 115.32254
 117.53501
 118.96603
 119.59840
 119.44679
 118.55710
 117.00467
 114.89126
 112.34099
 109.49540
 106.50780
 103.53717
 100.74179
  98.27298
  96.26903
  94.84970
  94.11144
  94.12354
  94.92540
  96.52491
  98.89817
 101.99043
 105.71829
 109.97298
   1.00000
   1.79468
   2.55767
   3.25857
   3.86942
   4.36588
   4.72816
   4.94180
   4.99829
   4.89539
   4.63719
   4.23399
   3.70185
   3.06201
   2.33995
   1.56448
   0.76650
  -0.02216
  -0.77008
  -1.44743
  -2.02721
  -2.48630
  -2.80641
  -2.97476
  -2.98466
  -2.83570
  -2.53382
  -2.09106
  -1.52507
  -0.85841
  -0.11766
   0.66764
   1.46620
   2.24617
   2.97645
   3.62795
   4.17467
   4.59483
   4.87168
   4.99417
   4.95743
   4.76292
   4.41840
   3.93759
   3.33967
   2.64847
   1.89156
   1.09910
   0.30269
  -0.46592
  -1.17608
  -1.79950
  -2.31131
  -2.69110
  -2.92374
  -2.99996
  -2.91671
  -2.67731
  -2.29131
  -1.77410
  -1.14629
  -0.43292
   0.33758
   1.13449
   1.92604
   2.68067
   3.36829
   3.96150
   4.43665
   4.77478
   4.96243
   4.99211
   4.86263
   4.57916
   4.15301
   3.60115
   2.94559
   2.21247
   1.43101
   0.63237
  -0.15161
  -0.88969
  -1.55243
  -2.11341
  -2.55027
  -2.84559
  -2.98760
  -2.97064
  -2.79538
  -2.46881
  -2.00395
  -1.41933
  -0.73826
   0.01211
   0.80186
   1.59951
   2.37326
   3.09226
   3.72785
   4.25469
   4.65178
  -0.85190
   0.65343
   4.21861
   5.26958
   7.97316
  12.20870
  17.58145
  20.39282
  26.84283
  33.84626
  36.24299
  40.02888
  45.16140
  49.36159
  52.72451
  53.37058
  55.69480
  57.96976
  56.20120
  55.62295
  54.82266
  52.90952
  48.89317
  49.14048
  44.16283
  38.95542
  38.63345
  38.48804
  34.23102
  32.12361
  29.58291
  31.26097
  33.16792
  34.18534
  36.48992
  39.46877
  41.90524
  45.61185
  52.08405
  55.10422
  61.30290
  66.12039
  68.77735
  75.29591
  77.64973
  82.98753
  84.94334
  85.02930
  88.87376
  87.93459
  87.06370
  86.12773
  84.56731
  79.51745
  79.16697
  75.77226
  73.45254
  71.40649
  67.29113
  65.56479
  63.83699
  62.86135
  61.51840
  62.54465
  64.33224
  67.12428
  67.45834
  71.61235
  76.15156
  80.97749
  85.01099
  91.07834
  93.65160
 101.64693
 104.25957
 109.49073
 113.04634
 116.01045
 118.02916
 119.97621
 121.17647
 117.82194
 120.15637
 116.23751
 113.53399
 112.55189
 109.65050
 107.17992
 104.01596
 101.24970
  97.75330
  96.04959
  96.49607
  93.37505
  93.99520
  93.87342
  96.49044
  97.53108
 103.41864
 105.14956
 111.18601
