   0.00000
   3.00000
   6.09983
   9.29850
  12.59402
  15.98344
  19.46287
  23.02751
  26.67173
  30.38908
  34.17241
  38.01388
  41.90509
  45.83713
  49.80069
  53.78614
  57.78363
  61.78320
  65.77487
  69.74872
  73.69502
  77.60431
  81.46752
  85.27602
  89.02172
  92.69719
  96.29566
  99.81116
 103.23854
 106.57353
 109.81278
 112.95390
 115.99548
 118.93711
 121.77936
 124.52382
 127.17304
 129.73051
 132.20068
 134.58882
 136.90105
 139.14425
 141.32598
 143.45440
 145.53823
 147.58663
 149.60910
 151.61541
 153.61549
 155.61932
 157.63687
 159.67795
 161.75213
 163.86868
 166.03641
 168.26364
 170.55810
 172.92684
 175.37615
 177.91155
 180.53767
 183.25826
 186.07609
 188.99301
 192.00982
 195.12637
 198.34149
 201.65303
 205.05788
 208.55199
 212.13043
 215.78742
 219.51639
 223.31006
 227.16049
 231.05920
 234.99720
 238.96512
 242.95329
 246.95183
 250.95077
 254.94013
 258.91002
 262.85075
 266.75292
 270.60752
 274.40601
 278.14041
 281.80338
 285.38829
 288.88931
 292.30143
 295.62053
 298.84342
 301.96788
 304.99265
 307.91750
 310.74317
 313.47141
 316.10493
 318.64740
   3.00000
   3.09983
   3.19867
   3.29552
   3.38942
   3.47943
   3.56464
   3.64422
   3.71736
   3.78333
   3.84147
   3.89121
   3.93204
   3.96356
   3.98545
   3.99749
   3.99957
   3.99166
   3.97385
   3.94630
   3.90930
   3.86321
   3.80850
   3.74571
   3.67546
   3.59847
   3.51550
   3.42738
   3.33499
   3.23925
   3.14112
   3.04158
   2.94163
   2.84225
   2.74446
   2.64922
   2.55748
   2.47016
   2.38814
   2.31223
   2.24320
   2.18172
   2.12842
   2.08383
   2.04840
   2.02247
   2.00631
   2.00008
   2.00384
   2.01755
   2.04108
   2.07419
   2.11655
   2.16773
   2.22724
   2.29446
   2.36873
   2.44931
   2.53540
   2.62612
   2.72058
   2.81784
   2.91691
   3.01681
   3.11655
   3.21512
   3.31154
   3.40485
   3.49411
   3.57844
   3.65699
   3.72897
   3.79367
   3.85044
   3.89871
   3.93800
   3.96792
   3.98817
   3.99854
   3.99894
   3.98936
   3.96989
   3.94073
   3.90217
   3.85460
   3.79849
   3.73440
   3.66297
   3.58492
   3.50102
   3.41212
   3.31910
   3.22289
   3.12445
   3.02478
   2.92485
   2.82567
   2.72824
   2.63352
   2.54246
   2.45598
  -0.76762
   1.87970
   6.31367
   9.41228
  13.18119
  18.12255
  19.72095
  22.13777
  26.14913
  30.71515
  35.05441
  37.62274
  42.81945
  47.53601
  49.70322
  53.59178
  57.34615
  61.23308
  64.82099
  70.47832
  73.25672
  77.07714
  81.80295
  85.49879
  88.81536
  93.10296
  96.40943
  99.57282
 103.05018
 103.89684
 110.61685
 112.64515
 116.38062
 119.94434
 122.92842
 124.81527
 128.50033
 129.87398
 131.79340
 134.41017
 136.83095
 139.28183
 142.06551
 143.33786
 145.79130
 148.04172
 150.32663
 151.28010
 151.80610
 155.23742
 158.51296
 159.27006
 161.63691
 162.65695
 165.91945
 168.98318
 169.44662
 171.05991
 175.81516
 177.72506
 180.12708
 183.46748
 185.43951
 187.54656
 191.94757
 196.69636
 198.11774
 200.92737
 204.84011
 207.34230
 214.27002
 215.61843
 219.30367
 223.20203
 227.55248
 230.10328
 233.96310
 237.08478
 243.58019
 245.67273
 251.03094
 254.02423
 259.09947
 262.43839
 265.42172
 270.13259
 276.27214
 276.89979
 283.37761
 283.72262
 287.66858
 291.19356
 294.63594
 297.87352
 303.01684
 305.32861
 308.24635
 310.76862
 313.65040
 317.46106
 319.15403
