   0.00000
   4.00000
   8.79468
  14.35235
  20.61092
  27.48034
  34.84623
  42.57439
  50.51618
  58.51448
  66.40987
  74.04706
  81.28104
  87.98290
  94.04490
  99.38486
 103.94934
 107.71584
 110.69367
 112.92359
 114.47616
 115.44895
 115.96265
 116.15624
 116.18148
 116.19682
 116.36112
 116.82730
 117.73624
 119.21118
 121.35277
 124.23511
 127.90275
 132.36895
 137.61511
 143.59156
 150.21951
 157.39418
 164.98901
 172.86069
 180.85487
 188.81230
 196.57522
 203.99362
 210.93121
 217.27087
 222.91935
 227.81091
 231.91001
 235.21270
 237.74679
 239.57070
 240.77120
 241.45990
 241.76880
 241.84505
 241.84509
 241.92838
 242.25106
 242.95975
 244.18565
 246.03936
 248.60644
 251.94402
 256.07852
 261.00456
 266.68522
 273.05352
 280.01502
 287.45167
 295.22645
 303.18888
 311.18099
 319.04362
 326.62278
 333.77579
 340.37694
 346.32254
 351.53501
 355.96603
 359.59840
 362.44679
 364.55710
 366.00467
 366.89126
 367.34099
 367.49540
 367.50780
 367.53717
 367.74179
 368.27298
 369.26903
 370.84970
 373.11144
 376.12354
 379.92540
 384.52491
 389.89817
 395.99043
 402.71829
 409.97298
   4.00000
   4.79468
   5.55767
   6.25857
   6.86942
   7.36588
   7.72816
   7.94180
   7.99829
   7.89539
   7.63719
   7.23399
   6.70185
   6.06201
   5.33995
   4.56448
   3.76650
   2.97784
   2.22992
   1.55257
   0.97279
   0.51370
   0.19359
   0.02524
   0.01534
   0.16430
   0.46618
   0.90894
   1.47493
   2.14159
   2.88234
   3.66764
   4.46620
   5.24617
   5.97645
   6.62795
   7.17467
   7.59483
   7.87168
   7.99417
   7.95743
   7.76292
   7.41840
   6.93759
   6.33967
   5.64847
   4.89156
   4.09910
   3.30269
   2.53408
   1.82392
   1.20050
   0.68869
   0.30890
   0.07626
   0.00004
   0.08329
   0.32269
   0.70869
   1.22590
   1.85371
   2.56708
   3.33758
   4.13449
   4.92604
   5.68067
   6.36829
   6.96150
   7.43665
   7.77478
   7.96243
   7.99211
   7.86263
   7.57916
   7.15301
   6.60115
   5.94559
   5.21247
   4.43101
   3.63237
   2.84839
   2.11031
   1.44757
   0.88659
   0.44973
   0.15441
   0.01240
   0.02936
   0.20462
   0.53119
   0.99605
   1.58067
   2.26174
   3.01211
   3.80186
   4.59951
   5.37326
   6.09226
   6.72785
   7.25469
   7.65178
  -0.19401
   3.75748
   9.15282
  15.20609
  21.73109
  29.29563
  34.57276
  41.89776
  50.78816
  58.40073
  66.93275
  75.21249
  81.23241
  89.81730
  94.44884
  99.24628
 102.21095
 106.55063
 111.90725
 113.47031
 114.68394
 113.69072
 116.74044
 116.81887
 115.91021
 115.48295
 117.03375
 114.64529
 117.19618
 120.75124
 121.92067
 125.80698
 128.69228
 131.92079
 139.81697
 142.29470
 148.19348
 157.56878
 165.11469
 173.86156
 181.02385
 186.72209
 197.14774
 202.20686
 210.85743
 216.78845
 221.85237
 228.16909
 230.04161
 235.90958
 236.73971
 239.23849
 242.52896
 241.99453
 242.51516
 241.72535
 241.51903
 241.80842
 240.64904
 241.44665
 243.57533
 244.53002
 247.17458
 250.70848
 257.48269
 262.23280
 267.44378
 272.40048
 279.01015
 287.81763
 294.67878
 303.51275
 312.36596
 320.86105
 325.90344
 332.82250
 339.67717
 346.72522
 353.14588
 357.54126
 360.18704
 363.39029
 364.20725
 365.41157
 366.83325
 367.74568
 368.50632
 367.93528
 367.70583
 367.01562
 367.34769
 369.82100
 371.58288
 371.39325
 377.45649
 380.17889
 384.00288
 389.66725
 397.23607
 402.38616
 411.01175
