   0.00000
   4.00000
   9.18208
  15.44065
  22.57396
  30.30211
  38.29209
  46.18749
  53.64032
  60.34218
  66.05169
  70.61617
  73.98519
  76.21511
  77.46405
  77.97774
  78.06762
  78.08296
  78.37971
  79.28865
  81.08590
  83.96824
  88.03550
  93.28166
  99.59542
 106.77009
 114.52209
 122.51627
 130.39583
 137.81422
 144.46610
 150.11457
 154.61239
 157.91508
 160.08494
 161.28544
 161.76666
 161.84291
 161.86470
 162.18739
 163.13945
 164.99316
 167.94024
 172.07473
 177.38463
 183.75292
 190.96806
 198.74284
 206.74008
 214.60271
 221.98570
 228.58685
 234.17381
 238.60482
 241.84139
 243.95170
 245.10456
 245.55429
 245.61803
 245.64740
 245.99707
 246.99312
 248.90388
 251.91599
 256.11768
 261.49094
 267.91310
 275.16779
 282.96429
 290.96346
 298.80807
 306.15470
 312.70439
 318.22939
 322.59348
 325.76413
 327.81543
 328.92146
 329.34071
 329.39304
 329.43110
 329.80879
 330.84967
 332.81809
 335.89550
 340.16434
 345.60057
 352.07591
 359.36924
 367.18638
 375.18636
 383.01186
 390.32117
 396.81868
 402.28129
 406.57835
 409.68333
 411.67617
 412.73618
 413.12596
 413.16801
   4.00000
   5.18208
   6.25857
   7.13331
   7.72816
   7.98998
   7.89539
   7.45284
   6.70185
   5.70952
   4.56448
   3.36902
   2.22992
   1.24894
   0.51370
   0.08988
   0.01534
   0.29674
   0.90894
   1.79726
   2.88234
   4.06726
   5.24617
   6.31376
   7.17467
   7.75200
   7.99417
   7.87956
   7.41840
   6.65188
   5.64847
   4.49782
   3.30269
   2.16986
   1.20050
   0.48122
   0.07626
   0.02179
   0.32269
   0.95207
   1.85371
   2.94707
   4.13449
   5.30990
   6.36829
   7.21514
   7.77478
   7.99724
   7.86263
   7.38299
   6.60115
   5.58696
   4.43101
   3.23657
   2.11031
   1.15286
   0.44973
   0.06374
   0.02936
   0.34967
   0.99605
   1.91077
   3.01211
   4.20169
   5.37326
   6.42216
   7.25469
   7.79650
   7.99917
   7.84461
   7.34662
   6.54969
   5.52500
   4.36409
   3.17065
   2.05130
   1.10602
   0.41925
   0.05234
   0.03806
   0.37769
   1.04089
   1.96841
   3.07742
   4.26883
   5.43623
   6.47534
   7.29333
   7.81714
   7.99997
   7.82550
   7.30931
   6.49751
   5.46261
   4.29706
   3.10498
   1.99284
   1.06000
   0.38978
   0.04205
   0.04787
   0.47383
   4.29233
   7.81630
  13.53572
  23.42905
  30.63725
  39.93650
  47.27351
  53.52550
  60.00144
  65.26480
  72.51909
  73.77694
  75.95662
  76.14585
  78.56542
  77.41085
  76.51538
  77.30009
  78.67169
  80.24460
  85.90806
  87.37884
  93.69854
  99.42658
 106.77672
 113.01295
 122.93077
 130.60172
 137.33958
 144.56544
 148.59006
 152.41385
 155.66215
 159.70898
 161.52981
 161.97945
 161.48302
 161.57226
 160.53517
 161.99838
 164.07312
 168.47545
 172.34623
 177.14553
 183.00131
 190.31696
 198.18511
 206.53728
 212.15315
 222.09196
 228.66068
 234.24465
 239.56590
 243.16520
 244.55459
 243.68642
 245.43100
 244.94484
 247.12753
 245.66228
 245.51542
 249.32470
 251.49885
 254.02800
 260.59559
 268.36688
 276.14117
 282.36385
 291.64494
 297.75309
 307.13398
 310.11505
 317.96086
 324.12639
 326.50403
 327.30119
 329.56295
 330.41973
 328.56780
 329.87707
 330.65700
 330.00686
 332.56844
 335.60103
 339.80469
 346.67521
 352.51188
 359.90453
 368.08054
 373.88742
 382.74574
 390.45937
 396.75379
 402.83013
 406.10881
 407.34734
 411.55444
 410.46181
 413.73415
 412.70627
