   0.00000
   3.00000
   6.00000
   9.00000
  12.00000
  15.00000
  18.00000
  21.00000
  24.00000
  27.00000
  30.00000
  33.00000
  36.00000
  39.00000
  42.00000
  45.00000
  48.00000
  51.00000
  54.00000
  57.00000
  60.00000
  63.00000
  66.00000
  69.00000
  72.00000
  75.00000
  78.00000
  81.00000
  84.00000
  87.00000
  90.00000
  93.00000
  96.00000
  99.00000
 102.00000
 105.00000
 108.00000
 111.00000
 114.00000
 117.00000
 120.00000
 123.00000
 126.00000
 129.00000
 132.00000
 135.00000
 138.00000
 141.00000
 144.00000
 147.00000
 150.00000
 153.00000
 156.00000
 159.00000
 162.00000
 165.00000
 168.00000
 171.00000
 174.00000
 177.00000
 180.00000
 183.00000
 186.00000
 189.00000
 192.00000
 195.00000
 198.00000
 201.00000
 204.00000
 207.00000
 210.00000
 213.00000
 216.00000
 219.00000
 222.00000
 225.00000
 228.00000
 231.00000
 234.00000
 237.00000
 240.00000
 243.00000
 246.00000
 249.00000
 252.00000
 255.00000
 258.00000
 261.00000
 264.00000
 267.00000
 270.00000
 273.00000
 276.00000
 279.00000
 282.00000
 285.00000
 288.00000
 291.00000
 294.00000
 297.00000
 300.00000
   3.00000
   3.00000
   3.00000
   3.00000
   3.00000
   3.00000
   3.00000
   3.00000
   3.00000
   3.00000
   3.00000
   3.00000
   3.00000
   3.00000
   3.00000
   3.00000
   3.00000
   3.00000
   3.00000
   3.00000
   3.00000
   3.00000
   3.00000
   3.00000
   3.00000
   3.00000
   3.00000
   3.00000
   3.00000
   3.00000
   3.00000
   3.00000
   3.00000
   3.00000
   3.00000
   3.00000
   3.00000
   3.00000
   3.00000
   3.00000
   3.00000
   3.00000
   3.00000
   3.00000
   3.00000
   3.00000
   3.00000
   3.00000
   3.00000
   3.00000
   3.00000
   3.00000
   3.00000
   3.00000
   3.00000
   3.00000
   3.00000
   3.00000
   3.00000
   3.00000
   3.00000
   3.00000
   3.00000
   3.00000
   3.00000
   3.00000
   3.00000
   3.00000
   3.00000
   3.00000
   3.00000
   3.00000
   3.00000
   3.00000
   3.00000
   3.00000
   3.00000
   3.00000
   3.00000
   3.00000
   3.00000
   3.00000
   3.00000
   3.00000
   3.00000
   3.00000
   3.00000
   3.00000
   3.00000
   3.00000
   3.00000
   3.00000
   3.00000
   3.00000
   3.00000
   3.00000
   3.00000
   3.00000
   3.00000
   3.00000
   3.00000
  -1.19078
   2.77047
   7.90453
  10.58782
  10.95642
  15.08888
  17.65866
  23.22400
  23.34374
  27.27522
  28.15326
  34.50463
  35.75796
  40.08389
  42.53690
  46.26132
  47.98062
  50.23954
  55.57149
  56.52370
  58.18773
  62.96628
  66.21245
  68.31443
  71.19481
  75.35862
  78.24889
  80.19578
  83.89165
  86.29928
  89.02107
  92.11159
  95.34191
  98.30506
 102.48085
 104.87786
 107.97153
 110.55182
 112.75634
 117.15348
 120.99306
 122.86389
 127.04002
 128.16216
 133.27824
 135.20029
 138.69829
 141.01158
 143.66920
 146.88569
 150.85464
 151.85850
 156.76192
 158.39885
 161.07776
 164.80923
 166.96310
 172.22342
 173.91272
 176.41168
 178.45102
 184.17875
 186.48738
 189.74845
 191.09886
 194.28543
 198.39379
 199.89045
 203.58971
 206.49307
 209.84852
 213.53148
 217.89569
 217.72896
 224.57643
 225.58610
 226.27439
 231.13955
 233.35673
 237.68609
 238.80942
 240.72534
 247.31547
 248.46769
 251.33481
 255.03936
 257.93599
 260.26038
 264.05333
 268.16141
 271.56697
 272.79114
 273.73509
 280.08991
 282.85948
 284.51744
 287.77546
 292.02419
 293.70275
 296.03722
 302.29582
