   0.00000
   2.00000
   4.00000
   6.00000
   8.00000
  10.00000
  12.00000
  14.00000
  16.00000
  18.00000
  20.00000
  22.00000
  24.00000
  26.00000
  28.00000
  30.00000
  32.00000
  34.00000
  36.00000
  38.00000
  40.00000
  42.00000
  44.00000
  46.00000
  48.00000
  50.00000
  52.00000
  54.00000
  56.00000
  58.00000
  60.00000
  62.00000
  64.00000
  66.00000
  68.00000
  70.00000
  72.00000
  74.00000
  76.00000
  78.00000
  80.00000
  82.00000
  84.00000
  86.00000
  88.00000
  90.00000
  92.00000
  94.00000
  96.00000
  98.00000
 100.00000
 102.00000
 104.00000
 106.00000
 108.00000
 110.00000
 112.00000
 114.00000
 116.00000
 118.00000
 120.00000
 122.00000
 124.00000
 126.00000
 128.00000
 130.00000
 132.00000
 134.00000
 136.00000
 138.00000
 140.00000
 142.00000
 144.00000
 146.00000
 148.00000
 150.00000
 152.00000
 154.00000
 156.00000
 158.00000
 160.00000
 162.00000
 164.00000
 166.00000
 168.00000
 170.00000
 172.00000
 174.00000
 176.00000
 178.00000
 180.00000
 182.00000
 184.00000
 186.00000
 188.00000
 190.00000
 192.00000
 194.00000
 196.00000
 198.00000
 200.00000
   2.00000
   2.00000
   2.00000
   2.00000
   2.00000
   2.00000
   2.00000
   2.00000
   2.00000
   2.00000
   2.00000
   2.00000
   2.00000
   2.00000
   2.00000
   2.00000
   2.00000
   2.00000
   2.00000
   2.00000
   2.00000
   2.00000
   2.00000
   2.00000
   2.00000
   2.00000
   2.00000
   2.00000
   2.00000
   2.00000
   2.00000
   2.00000
   2.00000
   2.00000
   2.00000
   2.00000
   2.00000
   2.00000
   2.00000
   2.00000
   2.00000
   2.00000
   2.00000
   2.00000
   2.00000
   2.00000
   2.00000
   2.00000
   2.00000
   2.00000
   2.00000
   2.00000
   2.00000
   2.00000
   2.00000
   2.00000
   2.00000
   2.00000
   2.00000
   2.00000
   2.00000
   2.00000
   2.00000
   2.00000
   2.00000
   2.00000
   2.00000
   2.00000
   2.00000
   2.00000
   2.00000
   2.00000
   2.00000
   2.00000
   2.00000
   2.00000
   2.00000
   2.00000
   2.00000
   2.00000
   2.00000
   2.00000
   2.00000
   2.00000
   2.00000
   2.00000
   2.00000
   2.00000
   2.00000
   2.00000
   2.00000
   2.00000
   2.00000
   2.00000
   2.00000
   2.00000
   2.00000
   2.00000
   2.00000
   2.00000
   2.00000
  -1.59969
   2.25421
   4.25107
   6.06307
   8.17905
   8.18086
  12.48975
  15.28800
  14.79803
  18.57544
  19.41062
  21.59763
  23.61756
  24.94139
  28.85723
  29.49790
  30.97620
  34.35108
  36.71629
  37.31535
  38.84327
  44.06529
  44.95336
  43.91782
  45.51294
  48.79796
  52.20330
  53.74785
  56.23643
  57.67111
  59.61429
  62.72046
  64.78981
  64.60398
  67.20680
  71.87162
  71.84804
  74.64348
  76.82218
  80.15287
  79.38610
  81.98886
  83.79101
  86.20070
  87.41868
  91.14786
  92.12582
  95.10829
  95.97030
  98.31846
 101.14253
 102.46419
 101.71835
 107.95968
 108.24755
 112.04788
 110.29269
 114.05356
 116.01426
 117.32077
 120.74334
 122.63443
 126.13271
 125.58292
 127.96669
 129.57091
 130.58042
 134.07991
 136.84868
 139.63515
 138.45545
 142.28566
 142.64836
 146.12493
 149.75515
 150.90292
 150.78689
 153.49126
 156.42932
 156.60457
 160.43100
 161.31908
 164.71227
 166.77090
 167.02985
 169.19702
 172.93324
 173.84356
 177.80970
 178.12123
 180.02858
 180.99688
 184.97391
 186.99897
 188.47892
 189.97082
 191.92328
 193.88100
 195.86945
 197.35731
 200.40931
