   0.00000
   1.00000
   2.09983
   3.29850
   4.59402
   5.98344
   7.46287
   9.02751
  10.67173
  12.38908
  14.17241
  16.01388
  17.90509
  19.83713
  21.80069
  23.78614
  25.78363
  27.78320
  29.77487
  31.74872
  33.69502
  35.60431
  37.46752
  39.27602
  41.02172
  42.69719
  44.29566
  45.81116
  47.23854
  48.57353
  49.81278
  50.95390
  51.99548
  52.93711
  53.77936
  54.52382
  55.17304
  55.73051
  56.20068
  56.58882
  56.90105
  57.14425
  57.32598
  57.45440
  57.53823
  57.58663
  57.60910
  57.61541
  57.61549
  57.61932
  57.63687
  57.67795
  57.75213
  57.86868
  58.03641
  58.26364
  58.55810
  58.92684
  59.37615
  59.91155
  60.53767
  61.25826
  62.07609
  62.99301
  64.00982
  65.12637
  66.34149
  67.65303
  69.05788
  70.55199
  72.13043
  73.78742
  75.51639
  77.31006
  79.16049
  81.05920
  82.99720
  84.96512
  86.95329
  88.95183
  90.95077
  92.94013
  94.91002
  96.85075
  98.75292
 100.60752
 102.40601
 104.14041
 105.80338
 107.38829
 108.88931
 110.30143
 111.62053
 112.84342
 113.96788
 114.99265
 115.91750
 116.74317
 117.47141
 118.10493
 118.64740
   1.00000
   1.09983
   1.19867
   1.29552
   1.38942
   1.47943
   1.56464
   1.64422
   1.71736
   1.78333
   1.84147
   1.89121
   1.93204
   1.96356
   1.98545
   1.99749
   1.99957
   1.99166
   1.97385
   1.94630
   1.90930
   1.86321
   1.80850
   1.74571
   1.67546
   1.59847
   1.51550
   1.42738
   1.33499
   1.23925
   1.14112
   1.04158
   0.94163
   0.84225
   0.74446
   0.64922
   0.55748
   0.47016
   0.38814
   0.31223
   0.24320
   0.18172
   0.12842
   0.08383
   0.04840
   0.02247
   0.00631
   0.00008
   0.00384
   0.01755
   0.04108
   0.07419
   0.11655
   0.16773
   0.22724
   0.29446
   0.36873
   0.44931
   0.53540
   0.62612
   0.72058
   0.81784
   0.91691
   1.01681
   1.11655
   1.21512
   1.31154
   1.40485
   1.49411
   1.57844
   1.65699
   1.72897
   1.79367
   1.85044
   1.89871
   1.93800
   1.96792
   1.98817
   1.99854
   1.99894
   1.98936
   1.96989
   1.94073
   1.90217
   1.85460
   1.79849
   1.73440
   1.66297
   1.58492
   1.50102
   1.41212
   1.31910
   1.22289
   1.12445
   1.02478
   0.92485
   0.82567
   0.72824
   0.63352
   0.54246
   0.45598
   1.88829
  -0.28404
   2.29515
   2.25898
   3.25871
   6.72260
   7.22647
  10.13814
  11.06506
  11.56431
  14.64267
  15.79314
  16.45499
  19.62228
  22.12217
  25.54209
  26.72795
  26.93013
  30.83856
  33.71606
  31.78361
  34.71809
  36.30773
  36.65333
  41.32728
  40.45894
  43.92456
  46.92652
  47.32058
  48.84323
  49.97376
  50.72147
  50.51351
  53.03192
  54.44271
  53.61922
  54.60440
  55.76184
  56.04581
  57.99578
  58.42622
  58.34815
  57.43050
  56.40581
  57.37061
  58.97279
  57.61239
  59.08207
  57.13978
  57.16940
  58.41817
  56.58479
  58.65818
  58.53224
  59.61979
  57.61585
  59.35023
  59.34300
  60.28144
  59.07622
  59.67437
  60.81366
  61.01259
  63.25309
  67.28369
  64.19513
  64.68142
  66.23555
  70.49098
  70.81170
  70.88759
  74.68202
  73.59821
  77.24016
  78.86717
  82.09346
  82.93792
  86.70379
  87.28171
  88.33447
  91.94291
  92.26514
  94.63566
  95.96851
  97.93480
 101.82484
 102.26493
 104.83791
 105.79750
 107.65925
 107.79597
 111.06391
 112.86620
 112.17018
 113.26804
 114.97667
 115.66500
 114.92663
 118.75853
 118.73799
 118.02689
