   0.00000
   1.00000
   3.18208
   6.44065
  10.57396
  15.30211
  20.29209
  25.18749
  29.64032
  33.34218
  36.05169
  37.61617
  37.98519
  37.21511
  35.46405
  32.97774
  30.06762
  27.08296
  24.37971
  22.28865
  21.08590
  20.96824
  22.03550
  24.28166
  27.59542
  31.77009
  36.52209
  41.51627
  46.39583
  50.81422
  54.46610
  57.11457
  58.61239
  58.91508
  58.08494
  56.28544
  53.76666
  50.84291
  47.86470
  45.18739
  43.13945
  41.99316
  41.94024
  43.07473
  45.38463
  48.75292
  52.96806
  57.74284
  62.74008
  67.60271
  71.98570
  75.58685
  78.17381
  79.60482
  79.84139
  78.95170
  77.10456
  74.55429
  71.61803
  68.64740
  65.99707
  63.99312
  62.90388
  62.91599
  64.11768
  66.49094
  69.91310
  74.16779
  78.96429
  83.96346
  88.80807
  93.15470
  96.70439
  99.22939
 100.59348
 100.76413
  99.81543
  97.92146
  95.34071
  92.39304
  89.43110
  86.80879
  84.84967
  83.81809
  83.89550
  85.16434
  87.60057
  91.07591
  95.36924
 100.18638
 105.18636
 110.01186
 114.32117
 117.81868
 120.28129
 121.57835
 121.68333
 120.67617
 118.73618
 116.12596
 113.16801
   1.00000
   2.18208
   3.25857
   4.13331
   4.72816
   4.98998
   4.89539
   4.45284
   3.70185
   2.70952
   1.56448
   0.36902
  -0.77008
  -1.75106
  -2.48630
  -2.91012
  -2.98466
  -2.70326
  -2.09106
  -1.20274
  -0.11766
   1.06726
   2.24617
   3.31376
   4.17467
   4.75200
   4.99417
   4.87956
   4.41840
   3.65188
   2.64847
   1.49782
   0.30269
  -0.83014
  -1.79950
  -2.51878
  -2.92374
  -2.97821
  -2.67731
  -2.04793
  -1.14629
  -0.05293
   1.13449
   2.30990
   3.36829
   4.21514
   4.77478
   4.99724
   4.86263
   4.38299
   3.60115
   2.58696
   1.43101
   0.23657
  -0.88969
  -1.84714
  -2.55027
  -2.93626
  -2.97064
  -2.65033
  -2.00395
  -1.08923
   0.01211
   1.20169
   2.37326
   3.42216
   4.25469
   4.79650
   4.99917
   4.84461
   4.34662
   3.54969
   2.52500
   1.36409
   0.17065
  -0.94870
  -1.89398
  -2.58075
  -2.94766
  -2.96194
  -2.62231
  -1.95911
  -1.03159
   0.07742
   1.26883
   2.43623
   3.47534
   4.29333
   4.81714
   4.99997
   4.82550
   4.30931
   3.49751
   2.46261
   1.29706
   0.10498
  -1.00716
  -1.94000
  -2.61022
  -2.95795
  -2.95213
   0.94920
   0.49346
   1.84919
   9.28225
  12.23994
  15.30638
  20.50648
  25.87385
  30.19761
  32.98239
  35.27747
  38.89641
  38.18009
  36.06404
  35.14924
  33.32619
  30.33313
  26.67752
  24.81011
  21.88331
  20.49299
  21.90307
  23.26195
  25.54476
  25.85568
  30.25492
  36.37339
  42.08237
  45.95134
  48.64565
  52.20072
  55.88741
  59.15901
  60.11811
  58.10905
  56.25172
  54.39597
  51.64285
  48.89804
  45.97307
  41.79325
  43.00777
  42.97887
  41.42645
  47.07342
  48.26312
  52.54279
  57.33357
  64.60128
  67.40912
  73.84088
  76.01105
  78.87940
  80.34209
  79.88073
  78.56100
  78.77952
  75.18327
  71.20825
  69.49228
  64.83397
  64.84446
  64.04620
  61.60254
  64.65724
  66.42715
  69.75980
  74.95977
  77.72698
  82.58549
  88.23148
  91.78601
  95.75059
 100.95782
 100.00465
 100.65290
  99.81296
  99.62183
  95.27311
  91.16707
  89.70782
  85.71427
  86.66907
  83.85454
  83.99779
  85.77100
  88.61900
  90.50444
  95.43615
 100.89047
 104.53212
 109.83916
 115.19214
 117.79448
 119.77073
 120.12123
 122.59798
 119.29900
 118.93752
 115.51468
 113.29138
