   0.00000
   1.00000
   2.39933
   4.19401
   6.37609
   8.93377
  11.85147
  15.11004
  18.68691
  22.55633
  26.68964
  31.05552
  35.62035
  40.34851
  45.20274
  50.14454
  55.13452
  60.13282
  65.09947
  69.99487
  74.78007
  79.41726
  83.87009
  88.10408
  92.08690
  95.78875
  99.18264
 102.24465
 104.95417
 107.29412
 109.25112
 110.81560
 111.98192
 112.74842
 113.11744
 113.09527
 112.69214
 111.92206
 110.80272
 109.35528
 107.60422
 105.57701
 103.30390
 100.81760
  98.15293
  95.34653
  92.43641
  89.46164
  86.46195
  83.47729
  80.54748
  77.71178
  75.00852
  72.47470
  70.14564
  68.05458
  66.23242
  64.70735
  63.50461
  62.64620
  62.15069
  62.03303
  62.30438
  62.97202
  64.03928
  65.50547
  67.36595
  69.61212
  72.23152
  75.20797
  78.52173
  82.14968
  86.06555
  90.24023
  94.64197
  99.23680
 103.98880
 108.86048
 113.81316
 118.80733
 123.80310
 128.76053
 133.64009
 138.40301
 143.01170
 147.43009
 151.62404
 155.56163
 159.21351
 162.55318
 165.55726
 168.20573
 170.48213
 172.37369
 173.87150
 174.97060
 175.67000
 175.97269
 175.88565
 175.41973
 174.58959
   1.00000
   1.39933
   1.79468
   2.18208
   2.55767
   2.91770
   3.25857
   3.57687
   3.86942
   4.13331
   4.36588
   4.56483
   4.72816
   4.85423
   4.94180
   4.98998
   4.99829
   4.96666
   4.89539
   4.78520
   4.63719
   4.45284
   4.23399
   3.98282
   3.70185
   3.39389
   3.06201
   2.70952
   2.33995
   1.95700
   1.56448
   1.16632
   0.76650
   0.36902
  -0.02216
  -0.40313
  -0.77008
  -1.11934
  -1.44743
  -1.75106
  -2.02721
  -2.27311
  -2.48630
  -2.66466
  -2.80641
  -2.91012
  -2.97476
  -2.99969
  -2.98466
  -2.92981
  -2.83570
  -2.70326
  -2.53382
  -2.32907
  -2.09106
  -1.82216
  -1.52507
  -1.20274
  -0.85841
  -0.49551
  -0.11766
   0.27135
   0.66764
   1.06726
   1.46620
   1.86048
   2.24617
   2.61940
   2.97645
   3.31376
   3.62795
   3.91588
   4.17467
   4.40175
   4.59483
   4.75200
   4.87168
   4.95267
   4.99417
   4.99577
   4.95743
   4.87956
   4.76292
   4.60869
   4.41840
   4.19395
   3.93759
   3.65188
   3.33967
   3.00408
   2.64847
   2.27639
   1.89156
   1.49782
   1.09910
   0.69940
   0.30269
  -0.08704
  -0.46592
  -0.83014
  -1.17608
  -0.70696
   1.16626
   3.29935
   3.72507
   6.73449
   9.44130
  11.49326
  14.41033
  19.22132
  22.46752
  27.56362
  32.92021
  34.93526
  41.53104
  45.94890
  49.89767
  57.54946
  61.07990
  62.99724
  69.43688
  74.72512
  79.37875
  83.71908
  86.08486
  92.02810
  95.69355
  99.74816
 102.27832
 104.53692
 106.82757
 109.77433
 110.08060
 111.94928
 112.11617
 111.49453
 113.55672
 111.82023
 109.57187
 110.60883
 109.32799
 106.87102
 104.61918
 104.87405
 100.45096
  98.86327
  96.49973
  91.91014
  88.64649
  88.00143
  84.13882
  81.15525
  77.06439
  74.61683
  72.64315
  70.62046
  67.48576
  66.55666
  65.28718
  62.67830
  62.89785
  61.63555
  63.27092
  61.03780
  64.37985
  65.69686
  66.49900
  67.45284
  70.59196
  72.35665
  76.06791
  76.47390
  82.69227
  86.16392
  88.56202
  93.88563
 100.49284
 104.74394
 109.83099
 113.14460
 118.40539
 122.70358
 127.61882
 134.79377
 137.29271
 143.03791
 147.36578
 153.27672
 156.48542
 160.13586
 163.11831
 166.31594
 167.86302
 169.11047
 173.29721
 173.10487
 174.79892
 175.54209
 176.33712
 173.78042
 175.05841
 175.71921
