   0.00000
   2.00000
   4.09983
   6.29850
   8.59402
  10.98344
  13.46287
  16.02751
  18.67173
  21.38908
  24.17241
  27.01388
  29.90509
  32.83713
  35.80069
  38.78614
  41.78363
  44.78320
  47.77487
  50.74872
  53.69502
  56.60431
  59.46752
  62.27602
  65.02172
  67.69719
  70.29566
  72.81116
  75.23854
  77.57353
  79.81278
  81.95390
  83.99548
  85.93711
  87.77936
  89.52382
  91.17304
  92.73051
  94.20068
  95.58882
  96.90105
  98.14425
  99.32598
 100.45440
 101.53823
 102.58663
 103.60910
 104.61541
 105.61549
 106.61932
 107.63687
 108.67795
 109.75213
 110.86868
 112.03641
 113.26364
 114.55810
 115.92684
 117.37615
 118.91155
 120.53767
 122.25826
 124.07609
 125.99301
 128.00982
 130.12637
 132.34149
 134.65303
 137.05788
 139.55199
 142.13043
 144.78742
 147.51639
 150.31006
 153.16049
 156.05920
 158.99720
 161.96512
 164.95329
 167.95183
 170.95077
 173.94013
 176.91002
 179.85075
 182.75292
 185.60752
 188.40601
 191.14041
 193.80338
 196.38829
 198.88931
 201.30143
 203.62053
 205.84342
 207.96788
 209.99265
 211.91750
 213.74317
 215.47141
 217.10493
 218.64740
   2.00000
   2.09983
   2.19867
   2.29552
   2.38942
   2.47943
   2.56464
   2.64422
   2.71736
   2.78333
   2.84147
   2.89121
   2.93204
   2.96356
   2.98545
   2.99749
   2.99957
   2.99166
   2.97385
   2.94630
   2.90930
   2.86321
   2.80850
   2.74571
   2.67546
   2.59847
   2.51550
   2.42738
   2.33499
   2.23925
   2.14112
   2.04158
   1.94163
   1.84225
   1.74446
   1.64922
   1.55748
   1.47016
   1.38814
   1.31223
   1.24320
   1.18172
   1.12842
   1.08383
   1.04840
   1.02247
   1.00631
   1.00008
   1.00384
   1.01755
   1.04108
   1.07419
   1.11655
   1.16773
   1.22724
   1.29446
   1.36873
   1.44931
   1.53540
   1.62612
   1.72058
   1.81784
   1.91691
   2.01681
   2.11655
   2.21512
   2.31154
   2.40485
   2.49411
   2.57844
   2.65699
   2.72897
   2.79367
   2.85044
   2.89871
   2.93800
   2.96792
   2.98817
   2.99854
   2.99894
   2.98936
   2.96989
   2.94073
   2.90217
   2.85460
   2.79849
   2.73440
   2.66297
   2.58492
   2.50102
   2.41212
   2.31910
   2.22289
   2.12445
   2.02478
   1.92485
   1.82567
   1.72824
   1.63352
   1.54246
   1.45598
  -0.47053
   4.62561
   3.53103
   6.58911
   8.91829
  10.40306
  13.13468
  15.59798
  19.30659
  20.28865
  24.52956
  27.12576
  29.17711
  33.82587
  35.84933
  38.77384
  42.52871
  45.79416
  47.77912
  52.35997
  53.35869
  57.32121
  58.66886
  64.01607
  65.41317
  70.26307
  69.52669
  71.66245
  75.16652
  76.16380
  79.42302
  81.75283
  84.36996
  85.84683
  89.24667
  89.22227
  90.08098
  93.31484
  93.45557
  96.65287
  94.71517
  97.95588
  99.45535
 101.05108
 101.56740
 102.26236
 102.79498
 105.17604
 104.60248
 106.62640
 108.43566
 109.03158
 108.52267
 111.25313
 113.72452
 112.96575
 116.24350
 116.24079
 117.39824
 116.51013
 120.30780
 122.55014
 124.96774
 126.64549
 126.34711
 131.91004
 133.46872
 134.30357
 137.72820
 138.58242
 143.24957
 146.05480
 148.43741
 149.72153
 153.24346
 154.48737
 159.60804
 162.12853
 164.30569
 166.84725
 170.84540
 173.49662
 177.73946
 180.13559
 182.42459
 186.27573
 188.86287
 190.91378
 195.25070
 197.23147
 198.99168
 202.07467
 205.60824
 205.73780
 208.87361
 208.20050
 210.96072
 213.34841
 215.49935
 216.95382
 219.68415
